0
0
18.4093
46.8842
0
0
19.9641
18.2719
0
0
25.6492
20.0791
0
0
34.8904
23.6572
0
0
77.72
33.1398
12.8003
0
35.3554
47.9474
12.3807
0
35.8502
18.7583
6.17123
0
41.6153
20.6965
0
0
50.9791
25.0321
0
0
94.8601
33.0414
29.4381
0
51.1266
46.6108
28.4819
0
51.7589
19.3378
22.3388
0
57.4063
20.5497
12.5214
0
67.2509
24.7405
0
0
111.597
33.8151
45.473
0
66.947
47.7015
44.767
0
67.2363
18.911
38.016
0
73.6145
20.9119
29.594
0
82.2082
25.8388
0
0
128.307
35.1554
61.2482
0
82.7626
47.2255
60.6785
0
83.2687
18.2427
54.2488
0
89.5536
20.1639
44.7533
0
99.2579
26.0129
0
0
143.913
34.1639
77.3169
0
98.8715
46.8094
74.9219
0
99.1221
19.0504
69.3558
0
105.667
20.9801
60.8515
0
115.906
25.7064
14.0315
0
161.948
32.6099
93.558
0
114.822
46.2286
91.6619
0
115.685
18.0196
85.9589
0
121.869
19.9525
76.6441
0
131.845
24.747
30.5998
0
177.187
31.2982
109.601
0
130.765
47.1247
107.616
0
131.245
18.097
101.573
0
138.006
20.225
93.215
0
147.687
24.904
44.5983
0
195.525
32.5935
125.657
0
146.987
46.7857
123.92
0
147.622
18.0541
117.996
0
154.912
20.059
108.727
0
165.604
25.2301
65.9936
0
206.087
31.7531
141.811
0
162.899
47.2799
140.221
0
163.38
18.2257
133.591
0
171.196
20.258
123.74
0
181.993
24.8983
79.1469
0
223.73
30.9429
157.336
0
178.809
47.0824
155.91
0
179.728
18.3926
149.721
0
186.862
20.384
139.519
0
197.439
25.025
95.098
0
239.34
30.8699
173.689
0
194.76
47.2965
172.132
0
195.697
18.0553
165.52
0
202.951
19.9096
155.153
0
213.757
24.4706
112.462
0
254.63
30.3652
189.87
0
210.753
47.2565
188.467
0
211.672
17.9491
181.618
0
218.561
19.8535
171.498
0
228.703
24.6269
126.677
0
272.746
31.1786
206.183
0
226.772
46.5612
204.508
0
227.196
17.9157
198.18
0
234.883
19.7685
188.055
0
245.939
24.384
141.066
0
290.645
30.9279
221.641
0
242.747
47.0571
220.045
0
243.477
17.8436
214.205
0
250.636
19.8175
204.261
0
261.583
24.5019
158.695
0
305.187
30.7406
237.902
0
258.822
45.9741
235.91
0
259.375
18.3643
230.276
0
266.393
20.092
219.736
0
277.9
24.1877
174.49
0
321.041
30.0164
253.956
0
274.609
46.4312
252.089
0
275.189
18.6734
245.542
0
282.812
20.118
234.05
0
295.146
24.1027
191.021
0
336.356
29.3911
270.012
0
290.748
46.4521
267.906
0
291.448
18.3424
261.508
0
298.929
20.1505
249.754
0
311.441
24.2295
207.998
0
350.223
30.0409
285.296
0
307.045
46.5604
283.657
0
307.727
18.695
277.625
0
314.65
20.863
267.266
0
325.614
25.206
225.852
0
364.608
31.1807
301.435
0
323.036
47.2948
300.143
0
323.791
18.4592
293.831
0
330.536
20.6373
283.531
0
340.947
25.3654
239.306
0
383.523
32.369
317.487
0
339.291
48.1854
316.267
0
340.584
18.3671
310.453
0
346.745
20.6957
301.353
0
355.434
24.9721
251.677
0
404.29
32.7785
333.2
0
354.891
47.9738
331.819
0
355.256
19.2921
325.476
0
361.319
20.7035
315.471
0
371.746
25.2208
271.273
0
417.239
32.8488
349.165
0
370.922
47.9474
347.931
0
371.986
18.7165
341.964
0
377.889
20.7133
332.111
0
387.501
25.3365
288.433
0
431.476
34.0125
365.235
0
386.979
48.2404
364.071
0
387.859
18.8816
357.872
0
393.908
20.7348
348.442
0
403.364
24.9277
305.779
0
446.69
33.263
381.225
0
402.978
48.4104
380.31
0
403.783
19.0387
374.192
0
409.833
20.9062
364.483
0
419.424
25.4097
320.525
0
463.917
33.7248
397.44
0
418.759
47.122
396.577
0
419.522
18.9699
390.498
0
425.642
20.58
379.419
0
436.54
24.9249
337.54
0
478.729
33.1498
413.719
0
434.541
45.7328
412.699
0
434.724
17.7855
406.11
0
441.189
19.5081
394.853
0
452.789
24.0096
350.993
0
497.178
32.5768
429.712
0
450.799
45.5228
428.87
0
451.566
17.5657
422.624
0
457.755
19.6846
411.117
0
468.774
24.1883
368.527
0
511.448
32.2129
445.146
0
466.981
45.3778
443.731
0
467.85
18.6551
438.472
0
473.209
20.6141
427.328
0
484.195
25.3037
386.623
0
512
32.617
460.918
0
482.93
47.6068
458.879
0
483.279
18.6265
452.845
0
488.992
20.3686
444.186
0
498.733
25.1427
403.546
0
512
33.5766
477.566
0
499.108
48.4049
477.156
0
500.93
17.9932
470.526
0
507.245
20.3081
460.847
0
512
24.917
420.485
0
512
33.7176
491.709
0
512
43.4654
491.137
0
512
18.0198
486.821
0
512
19.973
477.207
0
512
23.896
436.961
0
512
35.0241
0
0
18.3095
65.282
0
13.381
18.9142
34.3315
0
11.2964
26.076
35.5455
0
5.81103
35.0558
39.235
0
0
80.2536
52.2284
12.7365
0
35.1403
64.4721
12.2266
14.2066
36.1395
34.8358
5.84376
11.8064
42.1052
36.7559
0
6.98802
50.9096
40.5653
0
0
91.1832
51.0191
29.1736
0
51.0872
59.0374
28.6675
13.2085
51.6987
34.8551
22.3694
11.5369
57.3023
36.831
12.8866
7.23438
66.9865
40.6583
0
0
103.355
48.8435
45.6862
0
67.1714
60.9134
44.8411
13.3062
68.1571
33.9663
38.4198
11.3474
73.9912
35.9543
28.1221
6.4913
84.1279
40.5441
0
0
125.08
48.911
61.9947
0
83.31
60.506
60.854
16.2168
84.8389
35.4586
55.5426
14.348
90.9429
37.4401
42.855
10.3606
103.062
41.7448
0
4.74307
147.639
47.7357
77.9964
0
101.492
60.9103
76.7096
20.4891
106.533
39.1468
73.6388
18.8369
109.908
40.4098
64.0422
13.5016
115.355
43.8572
20.2737
5.55321
153.637
50.2639
91.3576
0
113.553
60.3736
86.4872
15.9019
114.076
35.0955
81.4438
14.629
118.422
37.2897
73.6248
11.3662
128.378
42.3641
29.0635
7.00558
177.423
48.4067
109.591
0
133.416
61.6252
107.677
20.7125
137.981
38.8791
104.831
18.9342
141.24
39.8612
95.1939
13.4073
147.664
43.6538
54.3465
4.68852
183.323
50.1477
124.283
0
146.408
61.6013
121.855
16.9154
148.222
36.6267
115.998
15.1816
153.486
38.3089
103.43
11.6679
165.943
42.1033
71.0198
7.28207
201.015
45.2183
140.362
0
162.398
61.9002
138.775
16.5721
163.269
36.3774
133.427
14.042
168.795
37.407
120.5
10.0415
182.508
41.1777
81.5884
4.22473
223.077
45.7524
157.075
0
178.53
60.1516
155.885
15.6522
180.043
35.8414
150.039
13.4243
185.891
37.0021
134.957
9.40471
199.944
40.3345
98.8627
3.73142
235.259
43.7609
173.323
0
194.442
59.794
172.101
14.5922
195.763
36.292
165.961
12.7626
201.033
37.127
152.852
8.41518
212.978
40.7779
117.431
1.624
250.282
45.283
190.444
0
210.932
59.8952
188.657
13.6417
211.893
35.5368
182.561
12.228
217.818
36.6617
170.503
7.577
229.161
40.8521
130.685
0.505457
269.298
46.582
206.611
0
227.211
59.4566
204.785
14.0225
227.72
35.9845
198.562
12.6929
234.024
37.1783
186.835
8.30727
245.289
41.2716
145.443
1.41234
286.022
46.2542
222.065
0
242.785
59.8204
220.637
13.6577
243.567
35.615
214.745
12.1677
249.736
37.0516
203.191
7.81571
260.918
40.9464
159.796
0.540331
304.114
46.7097
237.963
0
258.819
59.9925
236.524
14.125
259.594
36.0221
230.691
12.4183
265.641
37.1257
219.173
8.01804
276.928
40.7153
176.058
1.12933
321.357
46.2182
253.525
0
274.905
60.3666
251.958
13.903
276.019
35.5413
246.466
12.0845
282.11
36.4514
234.825
7.59866
293.626
40.2013
195.629
1.26647
332.735
45.0001
269.609
0
290.978
62.2107
267.43
13.9405
291.89
35.2409
262.198
11.9873
298.264
36.3354
251.586
6.96844
309.944
40.2694
208.892
0.627089
352.274
45.9809
285.663
0
306.652
60.9607
283.718
13.7123
307.985
35.0557
277.705
12.0529
314.314
36.1177
266.28
7.02602
325.709
39.8363
226.966
0.944155
364.569
44.9509
302.046
0
323.7
61.3835
300.423
13.9405
325.884
34.4564
295.655
12.2363
331.997
36.0171
283.201
7.73964
343.558
39.8544
242.605
2.14779
380.273
45.1929
317.795
0
340.158
62.6489
315.538
15.9229
342.978
35.1517
310.904
14.0787
347.643
36.2848
301.281
9.75534
355.744
39.6531
256.383
2.93909
399.439
46.8011
332.283
0
353.817
60.6668
330.066
14.7281
354.502
34.8527
324.59
13.393
359.89
36.297
311.12
9.45815
374.409
40.0481
275.244
2.50599
412.62
45.5774
349.094
0
370.663
62.2869
347.809
13.525
371.759
35.1314
341.719
11.8229
377.666
36.1584
329.981
7.31375
389.548
40.7153
295.675
0
424.604
48.8514
365.49
0
386.854
62.0491
364.098
13.5405
387.902
34.8362
358.106
11.5679
393.76
36.728
347.403
6.85238
404.724
41.2259
309.208
0
442.571
49.6694
381.001
0
402.843
61.9095
380.268
13.7635
403.62
35.6585
373.818
11.7723
410.207
36.9259
363.861
6.81658
420.523
41.8096
329.157
0
455.137
49.5511
397.303
0
418.694
62.7364
396.739
13.5727
419.086
35.7854
390.182
11.5548
425.975
37.1006
380.205
6.45965
436.269
42.4705
341.676
0
474.264
50.4967
413.181
0
434.399
62.5447
412.864
12.9436
434.695
35.6519
406.276
11.171
441.851
36.973
396.046
6.07722
452.394
42.2621
358.622
0
489.438
51.6977
428.878
0
450.211
62.7019
428.675
13.0457
450.722
35.3563
422.237
11.1538
457.709
36.6195
412.016
6.21013
468.364
41.758
373.834
0
507.217
51.5532
445.04
0
467.061
61.6616
444.275
13.5107
467.732
34.6039
437.522
11.7063
474.357
35.9417
427.837
6.90396
484.271
40.896
389.205
0
512
49.2679
461.447
0
483.067
61.5113
459.962
13.231
484.021
34.8581
453.095
11.5585
490.44
35.967
443.374
6.69586
500.712
40.6083
408.607
0.121908
512
49.4463
477.016
0
499.096
63.9927
476.636
14.2103
499.407
35.6494
469.442
11.9648
506.192
37.0601
459.521
7.07637
512
40.883
419.299
0
512
49.9547
492.462
0
512
62.6989
490.706
13.8647
512
34.7434
485.329
11.8388
512
36.4305
476.891
7.41062
512
40.7228
431.92
0
512
51.2223
0
0
18.4217
80.8261
0
29.7148
19.1308
51.17
0
27.8998
26.2841
51.9136
0
22.773
35.3813
55.0204
0
12.7062
80.9274
67.1054
12.3471
0
35.4392
81.9576
12.2056
29.7998
36.1835
50.5464
5.77201
27.4538
42.1483
52.9194
0
22.9853
50.1665
56.4988
0
12.3074
93.6603
67.8558
29.322
2.96832
51.1776
75.019
28.886
28.57
51.3943
50.4031
22.2509
26.8154
57.3859
52.4064
13.1877
22.7304
66.775
56.2067
0
14.6395
107.775
65.8935
45.2333
2.07729
67.0636
78.026
44.2946
29.1333
67.679
49.9994
37.779
27.2378
73.963
51.9095
28.2938
22.5333
83.7697
56.9567
0
15.1793
125.972
65.5526
63.2656
4.10376
86.1801
78.1947
64.0871
32.9955
91.2614
51.2555
59.5477
32.0913
96.2334
53.1182
48.8065
25.9761
102.981
57.0364
5.46257
14.9039
139.225
63.6209
75.4294
6.8541
97.8911
73.287
69.541
34.2731
99.0528
52.3865
66.6347
33.429
101.813
54.0567
57.9374
27.2593
113.081
57.3953
22.3563
16.2328
153.604
63.9085
94.1092
6.0414
114.69
72.7995
91.9004
28.2907
116.663
47.9599
87.2761
26.3414
121.806
50.1185
75.3985
22.2323
133.031
54.3579
31.3537
16.4845
176.016
61.7609
109.143
3.51055
131.139
73.9867
105.88
25.9145
133.695
44.4734
102.532
24.3492
137.943
45.6058
90.6352
20.6662
150.29
50.1148
53.0172
15.2035
188.261
60.7349
125.022
5.4063
146.337
74.7221
123.687
27.7602
148.043
48.3064
117.448
25.2755
153.492
49.6727
105.502
20.7525
164.372
54.0835
69.0174
15.3581
201.306
62.1716
140.873
4.30268
162.581
75.1887
140.011
27.2034
163.492
49.1916
134.358
25.0225
169.473
50.3193
124.267
20.582
179.543
55.4736
86.7201
12.5401
216.51
65.501
157.058
4.67379
178.33
75.1801
156.871
28.1505
179.086
49.9349
150.379
25.9801
185.401
51.2379
139.635
21.4747
195.373
56.1255
98.5697
12.5495
236.055
65.803
173.135
5.78624
194.206
75.3903
173.111
28.9036
194.948
51.4627
166.306
27.0258
201.547
52.5903
156.143
22.8153
211.089
57.2427
117.285
13.784
251.53
65.2635
190.728
5.60559
211.133
76.8342
189.354
28.2817
211.467
50.5923
182.109
27.1447
218.098
51.5594
172.837
23.2828
227.253
56.7404
132.627
14.5326
269.647
65.5907
205.081
7.63231
225.986
77.6156
204.137
29.317
226.129
51.8693
196.519
27.5928
233.083
52.0606
186.639
23.8175
243.725
56.4232
152.136
16.6211
284.518
62.8751
221.306
4.63033
242.173
75.9939
220.856
28.2176
243.514
49.89
214.074
26.7827
250.009
51.3326
203.987
23.1711
259.263
56.2866
166.296
13.93
298.957
65.7583
237.411
5.22635
258.849
75.1413
236.37
28.2978
259.92
50.3209
230.415
26.7092
266.178
51.4638
219.883
23.0867
276.352
55.8679
181.359
15.1028
314.955
64.2379
253.224
3.43327
274.697
77.821
251.925
29.7002
275.798
51.62
246.1
27.9411
282.865
52.6295
235.305
23.2681
294.135
56.7406
198.193
15.5494
330.332
63.0044
271.147
1.66725
293.162
79.417
270.342
29.9301
296.182
51.036
264.696
28.6082
301.598
51.773
253.539
23.7378
309.815
55.8997
211.808
15.5172
348.237
64.1748
283.58
3.18494
306.133
77.6931
281.201
31.9585
306.646
52.2961
275.582
30.715
311.596
53.8536
264.409
25.9845
323.914
57.7814
227.362
16.3373
363.844
64.0072
300.853
2.3012
322.872
78.0034
299.609
30.1998
324.315
51.6773
293.67
28.5547
330.068
52.9419
283.164
23.5254
340.031
57.283
244.161
15.0826
378.681
64.3844
318.269
3.0674
339.563
76.7412
317.113
27.2274
341.836
47.6365
312.08
25.6057
348.149
49.2058
301.422
21.5361
357.862
53.8416
258.686
15.0929
397.834
62.6814
332.271
3.49594
353.765
75.573
330.009
27.1218
354.039
46.6904
323.831
25.4475
359.842
48.0487
311.854
21.9033
373.169
52.3052
274.036
15.9062
413.887
61.6158
348.652
1.86255
370.653
77.7093
348.024
29.1813
371.346
50.1803
341.623
28.2134
377.717
52.1332
329.671
23.5442
390.131
56.8676
293.928
14.0474
425.862
65.7243
365.448
1.94486
387.114
77.1922
363.856
28.5315
388.292
49.7669
358.327
27.6301
393.564
52.2206
347.36
23.4227
404.722
56.8354
309.797
13.7632
441.937
66.7298
381.167
1.72831
403.058
77.5242
379.877
29.3647
404.308
50.1874
373.782
27.9056
410.119
51.9344
363.779
23.5821
420.292
56.3454
323.513
14.2613
460.608
65.7641
397.542
0.491516
418.733
79.7276
396.48
29.0689
419.724
49.9927
389.787
27.8881
426.12
52.5039
380.263
22.9697
435.867
57.8534
334.419
12.9935
481.651
67.2203
413.011
1.056
434.656
79.2084
412.668
29.4276
435.233
50.7837
406.105
27.5583
441.895
52.3937
395.832
22.3666
452.403
57.8711
353.075
13.739
495.021
66.5329
428.887
1.09656
450.458
78.7272
428.882
29.2028
450.874
50.5732
422.126
27.5189
457.718
52.1132
410.992
22.1777
469.295
57.6627
369.885
12.7731
510.188
67.0927
445.278
1.31103
467.139
78.3868
444.448
28.9015
467.796
49.7802
437.55
27.3406
474.201
51.6636
428.231
22.2941
483.721
56.8483
384.198
13.1417
512
67.0106
461.338
0.600269
483.208
79.1202
460.062
29.3071
483.945
50.4918
453.425
27.4076
490.097
51.6867
444.018
22.3728
500.023
56.5206
403.454
14.1829
512
67.0364
477.166
0.807274
499.602
79.5228
476.527
29.6842
500.792
50.5753
470.362
27.6185
507.11
52.4641
461.43
23.1359
512
56.4928
417.45
13.4206
512
67.2172
492.688
2.5045
512
77.9312
491.33
29.2841
512
50.1971
485.919
27.1201
512
52.2001
476.927
23.345
512
56.5419
433.932
14.7494
512
66.7472
0
14.5265
18.3388
97.3501
0
45.3305
19.1359
66.8884
0
43.5736
26.1509
67.9946
0
38.5658
35.1368
71.358
0
28.5293
80.1547
83.2098
12.8303
14.2017
35.0212
96.5314
12.6895
45.5867
35.7723
66.1408
5.87051
43.6543
42.1295
68.6284
0
39.2339
50.4739
72.479
0
28.4331
96.9167
83.6974
29.4584
18.4705
51.0882
92.4958
28.3569
44.8037
51.8905
65.9537
22.0229
43.1971
57.7128
67.7964
12.1057
39.3149
67.8868
71.8013
0
31.1582
109.205
81.0412
44.6705
18.0269
66.7287
94.3107
44.2323
45.5357
67.7215
66.2021
37.1283
43.8058
74.0662
67.8556
27.9728
38.822
83.1545
72.9546
0
29.9928
124.52
82.1196
61.942
20.2628
83.0927
91.435
60.4291
45.065
84.1907
65.6526
55.0623
43.4731
90.5735
67.1989
45.5249
38.8072
100.086
71.8677
0
29.9292
145.618
81.3101
76.2189
20.5442
97.037
87.3431
71.3749
41.955
98.295
60.9204
67.2762
40.5384
101.881
62.5717
56.734
37.6312
114.59
66.7012
15.7607
30.9299
160.048
77.6435
93.4695
20.789
114.788
91.2437
91.7216
45.6101
115.695
66.1965
85.9101
44.1804
122.978
68.5549
76.8904
39.245
133.074
73.1726
35.2143
30.3773
172.354
79.3357
109.2
19.875
130.434
91.6491
107.979
45.0394
131.912
66.0353
101.912
43.1352
138.298
67.6144
92.1477
38.7256
147.733
72.1794
50.6993
30.2375
188.184
79.6116
124.494
18.4747
146.652
93.9232
124.285
45.4752
147.636
66.8378
117.208
43.4264
154.457
68.6242
107.495
37.868
163.718
74.0595
68.2331
28.5011
202.143
81.923
140.848
18.3773
163.257
93.0288
140.32
44.7721
163.677
66.841
134.132
42.7172
170.263
68.6084
125.257
37.1385
179.254
74.6295
85.3188
26.9706
217.45
84.3628
156.321
18.518
179.01
93.2629
156.601
44.8976
179.788
66.9751
149.563
42.8736
186.026
69.0491
139.536
37.5318
194.595
74.7902
100.529
27.0539
232.721
84.1455
172.935
19.7386
194.732
93.2776
173.356
45.0238
194.852
68.1926
165.871
43.1684
201.683
69.8643
156.748
38.5612
210.138
74.8589
111.806
27.816
256.367
84.4703
191.89
22.1042
212.481
94.0231
190.452
44.5246
211.173
67.5849
182.276
42.9811
218.128
69.1096
172.785
38.1961
227.957
74.8522
133.581
28.3022
269.795
84.3683
205.079
28.6184
224.283
90.7755
205.14
43.8736
222.623
73.4474
196.955
42.4183
231.071
72.63
191.128
38.0904
239.828
76.3303
155.897
29.8201
283.674
82.3177
220.035
20.5622
241.257
94.8365
221.164
45.1581
242.473
67.6128
214.259
43.5299
249.24
69.5223
204.654
38.0557
258.232
75.9724
163.478
28.4335
302.288
83.8565
237.247
18.5945
259.358
93.8487
236.769
44.9141
259.261
67.1852
230.294
42.8487
266.309
68.6822
221.028
37.1321
275.852
74.3314
178.679
27.2841
317.14
84.5818
253.04
18.7074
275.022
94.1053
252.265
45.4521
275.464
67.4731
246.142
43.3493
282.425
68.4294
236.849
37.9053
292.206
73.2951
197.218
28.3855
331.287
82.4059
270.165
16.869
291.405
95.1335
268.354
46.0027
292.907
67.2904
262.828
44.7257
299.771
68.5334
252.522
39.3778
310.249
73.0977
214.885
29.3632
345.813
81.7135
284.58
18.8028
306.104
92.7288
283.892
44.5396
307.604
65.5323
277.781
42.68
313.519
66.3565
265.266
38.1602
325.676
70.722
230.439
29.7681
361.639
79.7578
300.528
17.4507
322.347
94.7407
299.818
45.9129
323.971
67.511
293.033
44.1077
330.209
68.3668
282.816
38.4677
339.669
73.3902
244.805
29.0468
377.875
81.7989
317.36
17.9629
338.934
94.0572
315.737
45.5716
339.735
67.0491
309.744
43.8341
346.859
68.2086
300.943
38.3054
356.7
73.0802
258.827
29.3851
397.136
81.5646
333.068
18.4571
354.82
94.0716
332.16
45.5573
355.744
66.5343
325.8
43.9384
362.232
68.4163
316.278
38.8984
371.654
73.2031
272.826
29.9238
414.415
80.9647
349.022
18.3973
370.916
93.7664
348.366
44.8457
371.571
66.4521
341.471
43.8761
378.312
68.3212
332.008
38.6438
387.936
73.5158
294.322
28.9569
425.673
82.9525
365.114
17.9979
387.143
93.4833
364.005
44.235
388.025
65.7062
357.941
43.3216
393.931
67.8209
347.786
38.7499
404.337
73.0964
309.272
28.9647
442.595
83.7019
381.052
17.7389
402.974
93.3753
379.755
44.906
404.291
66.3388
373.857
43.7066
410.051
68.0987
363.964
39.2606
420.148
72.9279
324.495
29.1457
459.442
83.0573
397.648
17.1487
418.732
94.5718
396.117
44.8568
420.15
65.6408
389.696
44.2009
426.176
68.4175
380.009
39.4874
436.088
73.662
335.201
28.5245
480.834
83.1999
413.123
17.2498
434.689
94.4731
412.697
45.095
435.247
65.8324
405.877
43.6875
441.973
68.0646
395.833
38.6284
452.481
73.6326
351.85
28.8895
496.248
82.8242
428.906
17.0867
450.58
94.6135
429.108
45.1269
450.974
65.8365
422.111
43.8256
457.857
68.2038
411.277
38.4019
469.018
73.9779
366.826
28.1759
512
83.2516
445.124
17.5596
467.097
93.9744
444.744
45.1219
467.596
66.0692
437.753
43.3799
474.107
67.8287
428.335
38.1525
483.635
73.0128
382.648
28.8255
512
83.1998
461.283
16.5205
482.898
95.5525
460.263
45.6318
483.839
66.442
453.418
43.8065
490.167
68.0282
443.816
38.7529
500.188
72.8209
400.286
30.0046
512
82.4196
477.149
16.6774
499.604
95.899
476.849
45.4466
500.899
65.9224
470.552
43.455
507.313
67.895
461.652
39.017
512
72.1108
414.557
29.1554
512
83.4137
492.608
18.4112
512
93.7953
491.519
45.1249
512
65.9367
485.896
42.8017
512
67.945
476.303
39.0679
512
72.1466
434.18
30.4333
512
82.2733
0
30.9983
18.164
113.042
0
60.9107
19.044
82.5042
0
59.3858
25.9385
83.9534
0
54.4064
35.1596
87.8862
0
44.0459
80.1167
99.8526
13.0683
30.5281
34.6382
112.988
12.9851
61.4656
35.2292
81.5454
6.06816
59.6346
41.9733
84.1681
0
55.0555
51.0413
88.8546
0
43.6583
99.5609
100.806
29.4232
33.1524
50.8158
111.17
28.1909
60.9198
52.0004
82.1393
21.3701
59.5814
58.3494
83.8242
12.3686
55.2311
67.6165
88.7109
0
46.9084
110.907
97.7255
44.6134
32.8622
67.2671
111.307
44.0103
61.3675
67.8215
82.7826
37.3787
59.8445
74.7997
84.4807
29.156
54.7752
83.7498
90.1057
0
44.8186
123.953
99.7466
60.6577
32.8326
82.8644
110.865
60.0997
61.3343
83.6464
83.0067
53.3379
59.7112
91.1717
84.0542
44.7736
54.6512
100.292
89.1864
1.76408
44.5755
142.354
98.3344
76.7843
34.5133
98.3834
108.724
76.4657
61.1409
99.6696
82.5945
69.1857
59.6488
106.652
84.0712
59.9741
55.2247
115.284
88.8768
17.8991
45.6419
157.508
96.9942
92.4787
33.0418
114.862
110.228
91.8888
61.4404
115.969
82.9133
85.1511
59.5845
122.721
84.1648
76.5413
54.7187
131.44
88.7449
33.9339
44.489
173.554
97.8027
108.434
33.0501
130.798
110.192
108.016
61.1557
131.957
82.7297
101.338
59.308
138.569
84.1215
92.5931
54.0064
147.149
89.4513
50.4884
44.0655
188.917
98.2262
124.375
32.1989
146.85
111.504
123.949
61.1777
147.979
82.7791
117.366
59.2488
154.51
84.0559
108.383
53.634
163.456
89.7252
65.9939
43.459
205.559
99.1703
140.407
32.4522
163.02
111.145
140.362
60.9323
163.535
82.503
133.534
58.8279
170.523
84.1521
125.219
52.9718
179.106
89.9945
81.1322
42.8301
222.21
99.7131
156.8
32.4852
179.001
111.215
156.369
61.0348
179.908
82.7234
148.923
59.3689
186.568
84.0981
139.989
54.1595
194.827
89.4781
96.6791
43.52
238.023
99.4084
173.51
32.412
194.284
111.157
173.591
60.8447
194.544
83.0127
165.174
59.2074
202.084
84.5447
156.594
54.1236
210.411
89.9459
111.885
43.232
257.025
101.464
193.102
36.5349
214.087
110.355
191.683
59.084
211.566
84.6031
183.875
57.6257
218.236
85.5806
175.869
52.5338
226.447
91.5184
131.749
42.428
270.843
103.087
204.23
42.6959
223.628
101.251
204.22
56.1348
221.944
89.264
199.472
55.4499
229.465
89.1124
192.37
51.5803
239.742
93.0892
158.566
42.7209
276.597
101.149
219.131
36.1182
239.251
110.635
220.711
60.6511
240.577
84.4419
213.663
59.3328
248.742
86.2644
205.423
53.8664
257.311
92.6706
165.699
43.5244
300.325
100.983
237.106
32.5642
259.361
111.756
236.877
60.5548
259.205
82.4893
230.011
59.3327
266.463
85.2642
221.425
53.6242
275.608
91.5572
178.362
42.3621
318.554
101.979
253.201
34.4271
275.31
111.15
252.612
60.8292
275.306
82.7356
246.356
59.2512
281.845
85.335
238.39
53.9676
290.657
90.9654
196.12
41.4937
334.592
103.296
269.365
31.4745
291.681
111.434
268.073
60.7625
291.525
83.0084
262.614
58.8585
297.791
84.7149
253.915
52.6895
307.255
90.47
209.755
40.8957
349.573
104.01
284.921
33.5142
307.072
109.477
284.077
60.3177
307.943
81.6023
277.785
58.3329
314.17
82.9894
267.987
52.9855
323.606
88.4109
231.155
44.5758
359.832
98.3166
300.694
32.8228
322.684
110.231
300.1
62.0352
323.729
83.0452
293.794
59.8176
329.763
84.2198
283.52
54.2257
339.656
89.5249
243.272
43.3466
379.55
99.7009
317.107
32.3428
339.285
110.96
315.817
61.5274
340.064
82.839
310.074
59.6208
346.365
84.3232
301.362
53.7304
355.764
89.8667
259.595
43.7754
396.982
99.9854
333.06
34.0138
355.066
109.261
332.303
61.4226
355.915
82.7963
325.816
59.548
362.289
84.1347
316.035
53.8749
371.577
89.2529
274.448
44.6594
412.529
98.1466
349.104
34.5528
370.889
109.598
348.458
61.5765
371.528
82.8611
341.681
59.9188
378.281
84.0332
331.618
54.5776
388.214
88.8859
290.419
45.4073
429.087
98.0709
364.69
33.8597
387.161
110.158
364.232
60.9633
387.764
82.6956
357.635
59.8401
394.272
84.1732
348.225
54.7197
403.92
89.8255
309.478
45.1499
443.029
99.6288
380.818
33.5487
403.015
109.621
380.172
60.5752
403.96
81.8566
373.552
59.9071
410.403
83.8876
364.291
55.4002
419.843
89.203
324.602
44.4098
459.8
99.7787
397.614
34.4242
419.135
108.479
396.422
61.3385
420.799
81.6954
389.978
60.4668
426.694
83.9304
380.152
56.3199
436.143
88.3701
337.38
46.2256
478.402
97.3067
413.344
34.3198
434.804
109.416
412.594
61.43
435.659
81.9443
405.556
59.9905
442.368
83.5029
395.675
55.2867
452.396
88.5248
352.684
46.7961
495.288
96.769
428.824
33.2155
450.434
110.646
428.759
61.3288
451.01
82.6101
421.865
59.6786
457.957
84.0895
411.395
54.5722
468.885
89.4713
370.557
44.9112
509.782
98.7735
445.099
33.4762
466.966
110.199
444.935
60.8773
467.418
81.8606
437.605
59.3526
474.207
83.7207
428.416
54.2009
483.55
89.0107
383.021
44.8704
512
99.1949
461.228
31.9343
482.696
112.224
460.398
61.5045
483.648
82.063
453.243
59.7594
490.317
84.006
444.104
54.8926
499.847
88.9074
399.425
45.9079
512
98.4944
477.078
33.1189
499.862
111.465
476.681
61.2211
500.894
81.7827
470.29
59.2571
507.242
83.9199
461.474
55.1043
512
87.9656
415.032
45.2547
512
99.2817
492.631
34.2881
512
109.896
491.779
61.0128
512
82.0542
486.072
58.7128
512
83.9302
476.539
55.0567
512
88.0653
433.808
46.3391
512
98.3602
0
48.9679
18.5738
126.45
0
77.2317
18.9633
99.1347
0
75.4879
25.9462
100.656
0
70.9286
34.4337
104.468
0
60.7691
77.6085
115.003
12.1211
48.3334
34.104
125.697
12.7996
77.8162
35.1246
99.9201
5.70621
75.6405
41.2212
101.305
0
71.2297
49.957
105.865
0
60.3773
90.6373
115.151
29.0955
49.3901
50.8176
126.547
28.5186
77.4676
51.3033
99.0512
21.146
75.8121
58.4398
100.54
13.1103
71.2403
66.9607
105.499
0
62.1608
109.665
114.282
44.8924
49.5043
66.7383
126.161
44.3301
77.4222
67.416
98.2697
37.1715
75.7748
74.7074
100.084
29.0195
71.5339
83.3984
104.872
0
61.1853
127.748
115.235
61.0847
49.3044
82.7523
125.719
60.5961
77.5665
83.4303
98.296
52.9164
75.652
90.867
100.068
45.2894
71.2476
98.6434
104.604
0
61.1524
145.493
114.514
77.1344
49.3666
98.5505
125.504
76.5019
77.3479
99.3727
98.2577
69.0218
75.5575
106.726
99.8642
61.2384
71.2771
114.538
104.349
13.9414
61.1476
162.021
114.001
93.2166
49.4608
115.044
125.759
92.2966
77.4156
115.492
98.2865
85.3357
75.667
123.024
100.192
78.4101
71.2456
130.934
104.647
29.3666
61.3401
178.972
113.968
108.921
49.0578
130.862
126.104
108.35
77.9462
131.37
98.5524
101.061
75.9099
138.929
100.135
93.2074
71.349
147.349
104.347
46.5896
60.8947
193.925
114.196
124.903
48.8049
146.662
126.838
124.393
77.7933
147.492
98.7641
117.127
75.7789
154.567
100.458
108.678
70.8902
163.098
105.168
63.7251
60.6386
208.569
114.988
140.481
48.1467
162.758
127.33
139.986
77.6338
163.526
98.6767
133.167
75.4136
170.709
100.21
125.195
70.0966
179.361
105.254
81.8673
59.5274
222.369
114.94
156.757
48.2242
178.627
126.519
156.44
77.5198
179.642
98.7805
149.13
75.6365
186.458
100.51
140.476
70.7341
194.655
105.138
96.0942
59.9599
239.486
115.16
173.699
50.7554
194.688
123.218
173.428
77.2598
194.793
99.696
166.258
75.4355
201.589
101.698
158.067
71.3429
209.725
106.347
116.121
61.0507
252.347
115.811
192.353
58.7341
214.746
118.488
194.107
79.1657
215.746
105.848
188.879
77.7496
220.643
107.902
178.829
73.9514
226.637
111.126
137.237
64.2916
263.079
115.719
202.469
56.7742
222.762
114.704
200.94
74.7894
220.926
103.763
197.2
73.9279
226.402
106.002
188.301
69.7157
239.858
109.83
153.607
61.0964
278.219
114.566
220.565
51.7607
241.145
123.97
221.3
77.9856
241.712
99.9021
214.781
75.9552
249.563
101.628
206.467
71.2066
258.405
106.219
159.438
60.9028
306.012
114.59
237.137
49.8448
258.892
125.954
236.882
76.9983
258.934
98.5819
229.641
75.8701
266.636
101.29
221.877
70.8164
275.134
105.954
177.207
59.1124
319.868
115.09
252.601
51.2727
275.066
126.189
252.711
77.409
274.769
98.4001
246.721
75.4958
281.203
102.214
239.054
70.8567
290.064
107.057
188.374
55.6405
342.748
118.97
268.631
48.9613
291.061
126.259
268.361
75.8848
290.997
97.924
262.527
74.879
297.671
101.585
254.44
69.1336
306.645
107.241
205.377
53.267
353.145
120.287
284.392
48.6765
307.333
126.717
283.767
76.5697
307.735
97.9705
277.447
75.973
314.715
101.352
270.308
70.8155
322.598
106.702
225.252
55.5875
366.063
118.325
300.599
49.0479
322.883
126.33
300.179
76.9897
323.541
98.3617
293.159
75.7623
330.634
100.627
285.244
70.3825
338.928
105.994
243.003
58.7595
380.54
115.823
316.772
48.1768
338.993
127.262
315.852
77.0859
339.749
98.1383
309.324
75.5163
346.736
100.166
301.526
70.077
355.473
105.494
258.001
58.8329
398.469
116.323
332.598
49.6558
355.108
125.155
332.007
77.0183
355.911
98.4958
325.673
75.0552
362.607
99.9033
317.134
69.4576
371.336
105.137
276.654
60.0944
410.658
113.914
348.752
50.2145
370.574
124.709
348.375
77.4696
371.236
98.6322
341.713
75.4909
378.29
99.6724
332.015
70.1951
388.142
104.454
290.037
60.0714
428.672
113.475
364.732
49.3665
387.022
126.916
364.408
77.4386
387.457
98.9178
357.045
75.9407
395.028
99.926
349.407
70.4417
403.354
105.259
308.373
60.7348
444.257
114.895
380.436
49.3005
403.021
126.045
380.218
77.4649
403.937
98.1992
372.831
76.6497
410.739
100.296
363.847
71.501
419.795
105.672
326.515
60.7231
458.533
114.773
397.504
49.608
419.115
126.052
396.631
76.9739
420.117
97.2792
389.552
75.9535
426.55
99.4257
380.134
71.3435
435.967
104.485
338.502
61.8434
477.618
114.519
413.13
49.6226
434.649
126.455
412.631
77.5667
435.224
98.156
405.436
75.9052
442.175
99.8043
395.924
70.9138
452.185
104.982
353.697
62.1576
494.308
113.73
428.828
49.2756
450.47
126.677
428.809
77.157
450.874
99.044
421.797
75.6678
457.868
100.356
411.691
70.2218
468.574
105.909
372.933
59.906
507.592
115.934
445.046
49.704
466.711
126.493
444.992
77.3193
467.269
98.215
437.565
75.8646
474.18
99.8634
427.857
70.5166
484.147
105.283
383.967
61.3869
512
114.396
461.504
47.9062
482.684
128.358
460.607
77.7306
483.515
97.9105
453.013
76.1157
490.451
99.6417
443.451
71.255
500.41
104.452
398.133
62.2853
512
114.512
477.109
48.917
499.532
127.7
476.512
77.1485
500.552
98.007
470.11
75.3735
506.978
100.099
461.714
71.2125
512
104.184
412.713
61.0969
512
115.642
492.798
50.1783
512
126.141
492.211
76.9989
512
97.9713
486.451
74.7382
512
100.011
476.63
71.1738
512
104.171
433.676
62.3354
512
114.527
0
63.7058
18.9135
143.459
0
92.6104
19.5277
114.642
0
91.0683
25.8592
116.193
0
86.5057
34.1753
120.169
0
76.7645
79.8278
131.605
12.5648
64.6283
34.8779
141.586
13.1829
94.2001
35.4861
115.439
6.60332
92.0812
41.865
117.342
0
87.7711
50.6889
121.672
0
77.9073
93.3195
130.281
29.1807
65.8021
50.9786
142.782
28.8635
93.4671
50.9716
115.009
21.3593
91.744
58.2361
116.467
13.3991
86.9806
66.7986
121.443
0
77.9685
111.013
130.792
44.9562
66.504
66.9207
141.556
43.6424
93.4308
67.1004
113.821
36.8898
91.7802
74.1393
115.953
28.7582
88.0509
83.5441
120.335
0
79.9681
125.878
129.06
60.5865
66.7427
84.2024
141.053
59.9201
95.17
84.5977
114.406
52.5489
94.6986
92.2565
117.117
44.5554
91.0617
100.84
121.24
6.5968
82.3413
137.34
128.129
76.1429
68.2163
99.2816
140.848
75.4424
95.4667
99.2704
115.034
67.5841
93.8421
105.925
116.294
59.536
89.766
114.562
120.226
21.9302
82.4961
155
127.651
93.7042
67.6615
115.135
140.885
92.8592
94.1159
115.705
114.281
85.6061
92.1506
122.394
116.26
77.4937
87.9939
130.738
120.371
33.4472
78.9645
175.639
129.851
109.266
67.0987
131.165
141.068
108.478
94.192
131.146
114.385
101.377
92.3445
138.646
116.524
93.553
88.1992
147.454
120.783
46.5985
79.2278
193.683
129.732
125.309
66.7714
147.111
141.559
124.565
94.264
147.155
114.43
117.255
92.2863
154.621
116.431
109.079
88.0672
163.444
120.408
61.8354
78.7561
210.913
129.266
140.931
66.655
162.985
141.579
140.635
93.9916
163.441
114.385
133.195
92.0941
170.697
116.223
125.193
87.7037
178.9
120.259
77.6826
78.2297
226.787
129.19
157.275
66.8823
178.996
140.987
157.075
94.2693
179.679
114.385
149.825
92.0066
186.567
116.377
141.045
87.3565
194.862
120.351
92.7781
77.645
243.327
129.229
173.928
69.383
195.463
137.95
173.722
92.9869
195.23
113.572
166.715
90.6548
202.027
116.581
159.067
87.1501
209.298
120.705
114.163
78.0139
253.937
130.258
191.74
74.9114
215.032
128.448
195.426
86.5945
218.08
113.156
192.353
85.2144
221.267
115.367
182.346
82.4217
225.595
119.078
136.759
75.9143
258.522
131.741
201.945
76.9807
224.65
128.141
198.004
87.188
220.624
113.217
194.563
85.5843
224.526
115.295
190.659
83.0858
234.391
119.242
153.485
79.3161
279.843
128.64
221.645
70.8578
243.173
138.395
221.065
95.1019
242.474
115.578
214.148
92.4914
249.572
117.748
206.108
89.3058
257.884
120.442
160.224
80.0343
305.204
127.469
237.264
68.8654
259.113
140.098
237.669
94.5194
259.454
114.725
229.516
92.6624
267.02
116.435
221.152
88.4156
274.497
119.938
176.401
78.8503
320.597
127.129
253.295
66.9066
275.06
140.65
253.33
93.2674
274.954
114.27
246.095
91.8511
281.883
116.802
237.831
87.4526
290.192
121.301
187.882
76.0361
340.886
131.174
268.585
66.6223
291.263
140.648
268.393
92.8778
291.541
114.139
261.794
92.0003
298.821
116.823
254.093
87.4332
307.274
121.459
206.846
75.3339
353.442
129.941
284.295
65.2376
307.372
142.742
284.367
93.3001
307.58
114.55
276.791
92.3049
315.135
116.885
269.588
87.3093
322.822
121.641
220.429
75.0646
371.475
131.131
300.467
66.5645
323.146
141.942
300.422
93.2184
323.704
113.909
292.662
91.6845
330.732
116.403
284.919
87.4087
338.301
121.212
238.085
76.757
385.781
131.04
317.189
66.6376
339.253
141.518
316.556
93.5434
339.441
114.032
309.489
91.514
346.587
116.547
302.122
87.2376
354.552
121.067
252.863
76.6566
403.302
131.369
333.206
66.9125
355.142
140.627
332.376
93.3435
355.532
113.876
325.267
92.7432
363.148
116.872
317.616
88.8147
371.753
121.453
273.41
77.5335
415.96
129.807
349.328
67.868
370.451
138.862
348.529
93.5542
370.815
114.095
340.997
92.9297
378.108
117.225
332.976
89.3418
386.491
121.622
289.816
78.3062
430.174
130.158
365.423
68.0735
386.726
138.198
365.063
93.592
386.941
114.856
357.616
92.7208
394.279
117.463
349.492
89.0012
402.582
121.549
305.258
78.4586
446.769
129.915
381.036
67.2717
403.008
140.403
380.356
94.161
403.264
114.714
373.014
93.285
410.133
116.839
365.354
88.9546
418.575
120.908
322.032
78.6267
463.766
129.04
397.668
66.5753
419.132
141.334
396.781
94.0541
420.45
113.308
389.554
92.2934
426.959
115.512
380.352
88.1519
435.861
119.578
334.34
79.4848
482.095
128.015
413.397
66.1826
434.773
141.921
412.465
94.2687
435.328
113.787
405.176
92.3645
442.222
115.59
396.524
87.4232
451.301
120.513
351.102
78.6585
496.632
129.396
428.836
65.52
450.853
142.397
428.768
93.2165
451.35
114.539
421.426
92.1682
458.405
116.466
412.953
86.9564
467.118
121.933
369.779
75.8475
510.912
131.797
445.15
65.3101
466.806
143.03
444.952
93.2246
467.401
113.802
437.089
92.0728
474.529
115.823
428.414
86.9478
483.44
121.096
380.008
76.8862
512
130.936
461.53
63.9169
482.77
144.413
460.357
93.5599
483.784
113.669
452.871
92.0444
490.495
115.425
444.002
87.4696
499.793
120.174
397.493
78.4488
512
130.482
477.295
65.1065
499.631
143.558
477.036
93.1722
500.842
113.651
470.354
91.4343
507.504
115.787
461.804
87.2239
512
119.786
413.279
76.915
512
131.632
492.813
65.9707
512
142.284
492.273
93.1855
512
114.016
486.439
90.8098
512
116.165
476.95
86.984
512
120.274
432.993
77.6623
512
130.737
0
79.9476
19.1789
159.109
0
109.781
19.8165
131.114
0
107.785
25.8906
132.031
0
102.124
34.3157
136.513
0
93.0939
74.197
146.95
12.6045
80.063
35.3991
158.643
12.9359
110.716
35.7892
131.128
6.56795
108.588
41.9607
133.107
0
103.884
49.7225
137.375
0
93.6464
96.9713
146.774
28.675
80.2282
51.2563
160.059
28.1736
109.334
51.6219
130.854
21.0242
107.373
58.4755
132.467
12.9473
102.716
67.0191
137.293
0
93.8608
109.497
146.625
44.4779
80.5972
67.4351
159.652
43.6905
109.479
68.2172
130.49
37.1271
107.609
74.5892
132.172
28.3306
103.545
83.9494
136.664
0
95.4604
124.966
145.965
61.1833
81.0824
84.3114
158.824
60.1515
108.991
85.5674
129.753
53.4675
107.876
92.5356
131.32
43.9293
104.001
102.028
135.544
9.55521
97.2701
135.421
144.115
76.2253
81.202
98.8631
158.677
74.8166
108.609
99.5205
129.246
67.5944
107.09
105.561
130.791
58.8495
103.275
114.707
135.037
23.3657
95.9935
153.33
144.014
92.8137
81.5125
114.976
158.301
91.4806
109.585
115.689
130.412
85.3508
107.6
121.593
132.168
76.4464
103.581
131.143
136.297
34.6781
94.1087
173.794
146.036
109.343
82.1206
130.863
157.62
108.187
108.927
131.609
130.086
101.51
107.237
138.681
132.001
92.35
103.235
148.548
136.229
51.1192
94.8238
188.821
144.988
124.885
82.1775
146.63
157.734
124.339
109.316
147.694
130.048
116.921
107.603
154.572
131.928
107.561
103.516
163.567
136.122
64.7804
94.3817
206.647
145.028
141.075
82.6826
162.56
157.642
140.328
109.561
163.27
130.045
133.12
107.724
169.992
132.132
124.241
103.805
178.999
136.294
79.7335
94.1735
224.59
145.845
157.392
82.5855
178.778
157.359
156.541
109.584
179.258
130.431
149.718
107.507
186.304
132.378
141.121
103.326
195.584
136.52
95.86
94.0571
240.328
145.74
173.25
83.6788
194.993
156.064
172.782
108.75
195.113
128.716
165.603
107.373
202.406
131.899
158.168
103.966
210.489
136.034
111.581
93.9329
256.381
145.592
190.464
82.8283
212.033
151.479
188.435
107.325
212.221
128.434
183.516
107.579
217.826
133.33
174.579
105.179
226.672
136.824
128.486
93.0524
270.164
145.397
204.922
82.9009
227.267
154.291
203.362
109.06
226.51
129.898
197.751
108.039
232.102
133.27
189.416
104.822
241.886
137.015
146.359
93.744
286.078
146.006
221.354
82.5374
243.486
156.775
220.894
109.741
244.015
129.575
214.141
108.883
250.426
132.801
204.908
105.099
259.45
136.643
162.124
94.0345
302.757
145.375
237.509
83.563
259.008
155.79
236.885
109.515
259.395
129.288
229.639
108.145
266.463
131.842
220.159
104.887
275.554
135.551
173.529
96.8261
322.147
142.402
253.285
82.9607
274.918
156.556
252.767
109.277
275.319
129.62
245.203
107.927
282.593
131.817
236.302
104.226
291.455
135.936
190.983
95.5366
337.213
144.347
268.797
81.4664
291.232
158.211
268.086
109.312
292.019
130.054
261.353
107.727
298.466
131.946
252.574
104.099
307.176
136.217
206.987
94.631
353.663
145.568
284.68
80.3506
307.262
159.534
283.919
109.266
307.899
130.225
276.821
107.564
315.042
131.828
268.663
103.514
323.934
136.266
225.97
94.3397
367.614
145.86
300.361
81.2139
323.624
158.741
299.64
110.117
324.344
130.788
292.672
108.41
331.102
132.011
283.891
104.838
340.262
135.93
244.23
96.1352
380.874
145.138
316.45
82.2864
339.582
157.268
315.829
110.302
340.138
130.512
308.627
108.891
347.28
132.017
299.796
105.744
356.503
136.018
260.225
98.2017
396.299
144.02
333.171
83.8018
355.946
156.218
332.359
110.565
356.78
129.715
324.601
110.09
365.161
131.705
315.325
107.136
374.983
135.226
279.949
99.6021
409.77
141.206
349.229
83.5374
371.314
156.362
348.899
110.942
373.148
128.658
338.404
110.952
381.841
130.984
327.01
108.358
391.579
134.41
292.739
101.377
426.017
139.741
364.646
84.2099
387.782
156.45
364.895
110.563
389.966
128.443
355.114
111.005
396.969
131.465
345.414
108.21
404.047
135.3
308.857
100.042
442.293
142.1
381.247
85.2736
403.474
155.526
380.316
109.838
403.73
129.364
372.744
109.275
410.597
131.755
365.128
105.311
418.868
135.628
323.699
96.498
462.498
142.777
397.619
84.9538
419.962
154.304
397.83
109.814
421.115
130.959
391.728
108.855
426.949
132.953
383.299
104.569
434.349
136.964
341.625
93.5007
475.293
145.727
413
83.8582
434.746
155.988
412.092
109.743
434.343
129.746
404.748
108.31
441.516
131.637
397.44
103.71
450.049
136.441
353.579
94.4308
494.468
145.431
428.925
81.682
450.977
157.515
428.76
109.157
451.401
130.449
421.443
108.469
458.522
132.888
413.56
103.871
466.578
137.776
369.588
91.6579
511.333
147.451
444.94
81.7653
466.926
158.136
444.855
109.163
467.406
129.883
436.987
107.997
474.669
131.699
428.795
103.319
483.104
136.605
382.004
93.2295
512
146.053
461.37
79.9867
482.811
160.331
460.579
109.483
483.557
129.653
452.785
107.946
490.616
131.492
444.092
103.292
499.673
136.297
397.796
94.1436
512
146.57
477.148
80.8801
499.858
159.928
476.937
109.417
500.984
129.767
470.317
107.566
507.573
132.037
462.14
103.323
512
136.089
412.518
92.7608
512
147.975
492.856
82.2963
512
158.041
491.849
109.175
512
130.199
486.072
106.923
512
132.16
476.575
102.995
512
136.344
433.906
93.8729
512
146.406
0
95.9671
18.4396
175.059
0
124.396
19.1289
145.709
0
122.846
25.6106
147.402
0
117.198
35.0098
152.473
0
108.154
76.549
163.947
11.7738
95.8659
34.4802
174.378
12.0587
125.88
36.0468
147.098
5.1043
123.81
41.3836
149.188
0
119.19
49.5203
154
0
109.441
91.5103
162.827
29.1806
96.8954
51.1055
175.618
28.3045
125.103
51.6955
146.673
21.3323
123.176
58.142
148.307
13.3443
118.67
66.4019
152.579
0
109.629
113.604
162.578
44.4378
96.5158
67.5658
176.4
43.4647
125.646
68.4165
146.706
37.4092
123.153
74.4473
148.551
28.0222
118.433
84.3511
153.08
0
109.783
125.972
162.115
60.7293
97.1694
83.3866
175.314
59.3522
125.107
84.6907
146.181
53.4149
123.079
90.6775
148.093
43.2227
118.993
101.132
152.369
6.16915
111.388
138.28
160.474
76.4745
97.169
99.0076
175.216
75.6078
125.152
100.65
146.631
69.4094
122.88
105.861
148.494
58.8701
118.858
115.523
152.881
21.0533
110.516
154.542
161.27
92.8487
96.7811
114.901
175.67
91.9328
125.23
115.991
146.312
85.7202
123.086
121.955
148.525
76.7104
119.029
131.159
153.116
30.6273
108.719
177.604
163.875
108.725
96.589
131.181
176.038
107.83
125.032
132.137
146.269
101.572
123.201
138.275
148.45
92.8185
118.855
147.543
153.65
48.0821
109.213
192.37
163.722
125.166
97.6697
146.932
174.539
124.228
125.033
147.894
145.966
117.391
123.551
154.405
148.502
108.129
119.731
163.767
153.252
63.8509
110.199
208.478
162.739
141.063
97.5892
162.962
174.658
140.208
125.357
163.74
146.15
133.703
123.446
170.084
148.316
124.499
119.491
179.464
152.97
80.002
109.772
224.186
162.978
156.993
97.3661
179.097
175.183
156.018
125.172
179.715
146.497
149.585
123.468
186.357
148.574
140.893
119.325
195.928
153.287
98.7593
109.869
238.116
162.621
172.566
98.0927
195.35
175.746
171.76
126.069
195.96
147.163
165.062
124.247
202.724
148.64
156.058
120.299
212.629
153.127
115.393
112.333
254.52
161.651
188.596
100.439
211.585
174.365
187.538
127.194
212.251
147.288
180.787
125.202
219.404
148.2
170.503
121.832
230.997
152.005
133.975
116.569
269.347
157.991
205.329
101.902
227.351
172.546
204.227
127.066
227.951
146.66
196.736
125.15
235.146
147.644
184.87
122.857
247.048
151.177
147.459
118.636
284.814
157.586
220.554
99.3292
243.627
173.086
219.862
126.317
244.398
146.67
213.026
125.001
250.844
148.684
202.022
122.703
260.838
152.957
163.207
117.089
297.505
160.029
236.779
98.6473
259.743
173.506
235.993
127.146
259.651
146.746
228.756
125.731
266.699
148.791
219.312
123.116
276.173
152.828
176.42
116.764
317.73
160.03
252.305
96.7946
275.981
175.306
251.492
126.59
276.732
146.653
244.626
125.398
283.17
148.874
236.608
122.252
290.996
153.261
193.079
114.1
334.567
162.1
268.946
97.5102
290.927
175.23
267.543
125.91
291.456
146.459
260.663
124.099
297.929
148.189
252.926
120.261
306.481
152.197
207.429
110.549
354.096
161.832
285.206
96.4473
306.95
175.336
284.158
125.229
307.66
146.338
277.325
123.595
314.968
147.987
268.189
119.329
324.769
152.63
224.1
110.766
368.635
161.281
301.054
96.4087
323.203
175.425
300.076
125.357
323.934
146.409
293.325
123.799
330.809
148.071
284.106
119.466
340.618
152.427
239.517
110.788
385.376
161.274
316.705
97.1214
339.487
174.463
315.214
125.914
340.45
146.597
309.337
124.203
347.081
147.76
299.429
120.354
357.933
151.173
260.277
112.422
396.449
158.031
332.624
97.0767
355.416
174.603
331.485
125.503
356.459
146.113
324.874
123.945
363.161
147.37
314.839
120.113
373.658
151.035
276.12
112.959
412.646
157.626
348.623
98.0054
370.892
173.823
347.592
125.68
372.431
145.531
339.765
124.284
379.56
146.733
328.927
120.703
390.175
150.098
292.094
114.471
428.33
155.766
364.277
98.4053
387.035
173.796
363.059
124.894
389
145.798
355.623
123.432
395.263
146.594
345.301
119.891
404.897
150.073
314.054
113.982
437.915
156.21
380.175
98.2434
403.238
173.714
379.52
124.141
404.761
145.429
372.115
122.579
410.572
146.831
361.885
119.231
419.345
150.835
330.282
112.292
452.282
158.969
397.215
99.2673
419.452
172.196
396.188
123.701
420.072
144.561
389.747
122.068
425.807
146.455
380.017
118.896
434.977
151.039
339.458
111.44
475.596
161.104
413.239
99.987
434.931
172.262
412.439
124.841
435.588
145.495
405.738
123.323
442.16
147.328
396.16
119.916
451.721
151.773
354.766
111.547
493.194
160.174
428.778
97.6922
451.287
174.738
428.123
125.246
451.59
146.145
421.24
123.854
458.881
148.132
412.968
119.64
468.046
152.406
371.496
109.377
509.772
161.41
444.724
97.8688
466.855
173.97
444.722
125.2
467.331
146.184
436.728
124.098
474.747
147.739
428.228
119.782
483.231
152.381
386.728
110.026
512
161.286
461.486
95.6586
482.84
176.356
460.651
125.67
483.517
145.678
452.764
123.926
490.711
147.68
443.943
119.34
499.877
152.445
399.608
110.265
512
162.604
477.148
96.9284
499.959
175.915
476.953
125.442
500.993
145.648
470.299
123.659
507.551
148.034
461.874
119.459
512
151.935
412.439
108.845
512
163.829
492.999
98.1405
512
174.169
492.066
124.983
512
145.973
486.194
122.672
512
147.924
476.665
118.863
512
152.124
433.31
109.681
512
162.522
0
113.87
19.3837
188.629
0
141.176
20.1286
163.326
0
139.31
26.0297
165.146
0
134.238
34.5735
169.176
0
124.953
75.9862
178.536
11.0198
112.603
34.2228
189.281
9.76779
143.149
33.3853
163.764
3.88174
140.53
38.8008
165.648
0
135.622
48.4752
169.545
0
124.132
96.7768
178.573
28.9562
112.172
51.3082
192.125
27.957
141.491
51.977
162.939
21.1468
139.409
58.4105
164.807
13.2817
134.576
66.4122
169.433
0
125.053
112.294
179.66
44.6896
113.906
67.2923
191.188
43.4055
141.716
68.5253
162.714
37.3383
139.217
74.4737
164.471
27.5264
135.102
84.2088
168.191
0
126.704
126.547
176.362
60.9614
112.849
83.2487
191.234
59.7585
141.001
84.2679
161.886
53.6269
138.793
90.6026
163.697
43.4027
134.629
100.814
167.652
1.19597
126.739
142.751
176.208
76.9196
113.299
99.0334
190.611
76.0033
141.133
100.356
161.928
69.5572
138.944
106.213
163.797
58.8327
134.905
116.105
167.635
15.9652
126.648
159.414
176.458
93.1375
113.593
114.906
190.301
92.183
141.415
115.867
162.468
85.8031
139.112
122.27
164.453
75.8097
135.075
132.09
168.183
31.2057
126.113
176.164
177.021
109.097
113.685
131.077
190.174
107.987
141.227
131.967
162.081
101.731
139.38
138.657
164.095
91.8554
135.464
148.898
167.99
48.2235
126.917
191.787
176.347
125.088
114.255
146.811
189.208
124.129
140.836
147.924
161.51
117.659
139.083
154.529
163.418
107.607
135.799
164.412
167.317
65.1068
127.011
206.918
176.218
141.195
113.873
162.863
189.525
140.126
140.744
163.857
161.389
133.421
139.155
170.643
163.422
123.716
135.856
180.408
167.541
82.8661
127.056
221.676
176.854
157.193
113.237
179.053
190.372
156.077
141.219
179.772
161.934
149.644
139.38
186.789
163.89
139.903
135.566
196.999
167.883
97.7599
126.71
238.604
176.851
173.149
113.915
194.971
190.491
172.191
141.455
195.746
162.433
165.337
139.436
202.8
163.988
155.523
135.393
212.79
167.764
113.381
126.682
254.925
176.373
189.363
115.374
211.227
190.635
188.541
141.01
211.508
161.743
181.345
138.851
218.821
163.008
171.444
134.863
229.492
166.909
127.961
127.906
274.96
175.304
205.04
116.468
227.373
189.945
203.852
140.474
227.996
161.473
197.09
138.07
234.958
162.236
186.624
134.36
245.894
165.476
148.776
128.455
285.421
173.133
220.424
114.074
243.195
189.956
219.546
140.055
244.652
161.365
212.637
137.566
250.869
162.187
201.266
133.318
260.91
165.483
164.458
127.025
296.819
172.925
236.714
113.37
258.884
190.882
236.085
141.288
260.09
162.768
228.685
139.178
266.538
163.841
217.807
134.403
276.32
167.346
180.238
126.62
313.613
175.15
252.909
112.83
275.091
190.953
251.676
141.478
276.403
162.624
245.028
139.831
282.739
163.921
234.96
135.187
292.608
167.95
195.449
126.948
332.36
176.356
268.706
113.453
290.75
190.3
267.738
141.869
292.157
163.262
261.686
139.872
297.524
164.645
252.372
135.416
306.347
168.735
207.472
125.213
352.099
177.835
285.403
114.277
306.804
189.446
284.204
141.508
307.724
162.973
277.868
139.887
314.635
164.471
268.394
135.176
324.482
168.847
224.41
126.298
367.082
176.428
301.393
115.069
322.722
189.329
300.338
141.621
323.602
162.722
293.994
139.873
330.35
164.647
284.541
135.381
340.283
169.074
239.728
126.45
384.536
177.039
317.29
113.517
338.648
190.372
315.955
141.116
339.788
162.136
309.525
139.497
346.695
164.082
300.558
135.336
356.229
168.637
256.365
126.474
399.6
177.12
332.93
112.123
354.592
191.854
332.335
141.184
355.636
162.036
325.195
139.505
362.448
164.25
316.152
135.096
371.684
169.316
269.933
125.65
418.306
178.999
349.119
111.804
370.649
191.742
348.457
141.346
371.51
162.448
341.402
139.566
378.292
164.428
332.198
135.109
387.716
169.268
286.623
124.861
433.774
179.752
364.835
111.738
386.955
192.335
364.172
141.187
387.686
162.393
357.052
139.399
394.859
164.508
347.885
134.536
404.664
169.568
304.824
125.47
447.631
178.922
380.526
111.848
403.463
192.469
379.693
141.263
404.314
162.798
373.098
139.382
410.89
164.57
364.013
134.623
420.502
169.519
324
125.912
460.57
178.262
396.405
113.241
419.352
191.296
395.785
141.608
420.341
162.608
389.196
139.666
426.301
164.486
380.205
135.509
435.127
169.094
337.444
125.569
478.744
178.493
412.832
113.74
435.146
190.927
412.232
141.23
435.86
162.256
405.387
139.632
442.438
164.106
396.433
135.524
451.473
168.896
352.999
125.965
495.245
178.321
428.883
112.965
451.12
191.38
428.489
141.268
451.495
162.371
421.27
139.681
458.699
164.082
412.307
135.282
467.973
168.747
368.398
125.879
511.994
177.983
444.856
113.875
466.858
190.231
444.777
141.315
467.084
162.716
436.836
140.06
474.74
163.903
428.84
135.295
483.163
168.708
387.308
125.395
512
178.493
461.77
111.598
482.755
192.543
460.893
141.539
483.384
161.576
452.737
139.963
490.696
163.515
443.673
135.21
500.137
168.392
398.377
126.176
512
178.957
477.16
113.04
499.993
191.733
476.988
141.286
501.37
162.083
470.717
139.546
507.616
164.291
462.516
135.262
512
168.396
412.879
124.381
512
180.293
492.931
114.543
512
189.503
492.023
140.811
512
161.939
486.103
138.593
512
164.001
476.564
135.015
512
168.119
432.976
126.021
512
178.283
0
129.943
18.6958
203.531
0
156.053
19.2629
179.098
0
154.566
25.1979
180.863
0
149.89
34.1614
185.067
0
141.372
75.9864
195.113
11.5291
128.916
33.9853
205.229
11.4599
156.926
34.9361
178.509
4.96243
154.736
40.1156
180.507
0
150.522
48.8246
185.049
0
140.27
92.1118
194.651
28.8607
128.795
51.2516
207.067
27.391
157.712
51.5588
179.265
21.1085
155.813
57.5654
180.736
13.1609
150.891
66.0375
185.245
0
140.631
113.172
195.746
44.8907
129.127
67.3483
206.959
43.6674
158.08
68.0918
178.531
37.8105
155.693
73.6702
180.342
28.9317
151.225
82.5607
184.337
0
140.798
132.33
195.038
60.7287
127.973
83.4705
208.131
59.5703
157.677
84.5023
178.959
53.7179
155.424
89.9857
180.666
44.6246
150.74
99.1106
185.129
1.20547
140.776
143.397
195.55
77.1545
129.953
99.0737
206.163
76.1188
157.321
100.125
178.246
69.9826
155.31
105.941
180.829
60.7341
151.021
115.076
185.587
16.859
140.901
159.229
195.928
93.0811
129.032
114.904
206.797
92.1804
157.385
115.895
178.543
85.8844
155.424
122.058
180.79
76.461
150.94
131.487
185.753
33.0487
139.891
175.418
196.975
109.195
129.806
130.841
205.74
108.404
157.143
131.721
178.358
101.901
155.331
138.025
180.808
93.2204
150.921
146.776
185.937
49.4132
139.861
190.969
197.113
125.378
129.708
146.557
205.532
124.507
157.358
147.601
178.625
117.862
155.66
154.09
180.742
108.654
151.319
163.313
185.421
64.003
140.299
208.13
196.321
141.388
129.752
162.467
205.397
140.449
157.369
163.518
178.262
133.903
155.641
170.018
180.444
124.579
151.47
179.398
185.096
79.2194
140.559
224.919
196.053
157.064
128.373
178.817
207.096
156.179
157.444
179.841
178.258
149.567
155.561
186.331
180.519
140.059
151.375
195.825
185.269
97.266
140.671
239.447
196.396
173.038
128.657
194.911
207.003
172.265
157.317
195.778
178.444
165.587
155.47
202.337
180.634
156.297
151.254
211.606
185.398
113.996
140.535
254.476
196.363
189.104
129.28
210.998
206.77
188.446
157.417
211.65
178.697
181.554
155.61
218.315
180.657
172.126
151.169
227.758
185.344
128.112
141.294
271.956
195.246
204.884
129.072
227.116
207.441
204.35
157.374
227.766
178.483
197.645
155.453
234.164
180.795
188.305
150.846
243.463
185.636
141.694
140.854
290.394
195.61
220.623
129.706
243.044
207.159
220.118
157.715
244.066
178.397
213.547
155.504
250.067
180.594
203.884
150.969
259.188
184.984
158.772
140.698
304.783
194.877
236.779
129.109
258.715
207.682
236.242
157.629
259.715
178.641
229.392
155.634
266.028
180.646
219.896
150.572
275.41
185.463
176.512
140.214
319.197
195.844
252.784
128.685
274.966
207.152
251.843
157.545
275.999
179.116
245.333
155.901
282.422
180.489
236.537
150.599
291.672
185.705
197.552
140.636
330.895
195.947
269.047
129.492
290.743
206.465
268.027
157.707
291.686
178.876
261.869
155.788
297.905
180.47
253.421
150.809
306.862
185.244
207.552
139.987
352.568
195.654
285.026
130.122
306.735
205.297
283.93
157.48
307.799
179.303
277.876
155.766
314.742
180.511
268.613
150.858
324.375
185.301
228.92
141.166
362.21
193.105
301.126
130.328
322.462
205.043
300.303
157.079
323.76
178.616
293.772
155.446
330.509
180
284.152
151.077
339.952
184.613
242.48
141.414
381.53
193.237
317.101
129.593
338.573
204.955
316.014
157.256
339.996
178.548
309.317
155.443
346.778
179.792
299.939
151.252
355.878
183.546
259.481
141.908
396.017
192.021
332.907
128.042
354.59
207.044
332.135
157.479
355.875
178.607
325.294
155.606
362.406
180.287
315.791
150.959
371.5
184.853
272.345
140.617
415.13
194.626
349.322
128.424
370.736
206.629
348.392
157.276
371.723
178.487
341.697
155.625
378.326
180.439
332.461
151.096
387.435
185.217
288.164
140.691
431.76
195.817
365.03
127.442
387.057
207.654
364.404
157.286
387.712
178.955
357.688
155.376
394.592
180.819
348.787
150.342
403.742
185.763
306.145
138.743
446.26
197.543
380.88
127.19
403.206
208.258
380.004
157.042
404.026
178.576
373.668
155.07
410.293
180.195
364.63
149.761
419.873
185.607
321.69
139.676
463.256
196.907
396.826
128.491
419.109
207.59
396.241
156.761
419.993
177.984
389.656
155.004
426.175
179.841
380.536
150.45
435.364
184.843
333.504
140.439
483.164
196.083
412.816
128.719
435.003
207.299
412.52
157.091
435.523
178.133
405.335
155.488
442.381
180.12
396.739
150.822
451.216
185.311
350.306
140.383
498.119
196.479
428.9
128.832
450.948
207.216
428.702
157.242
451.298
178.241
421.434
155.578
458.35
180.126
412.674
150.804
467.356
185.277
366.806
140.721
512
195.797
444.898
129.668
466.928
206.413
444.647
157.336
467.31
178.646
437.033
155.988
474.613
180.084
429.037
151.225
482.888
185.036
385.349
141.019
512
195.173
461.815
127.128
482.699
208.889
460.923
157.467
483.328
177.704
452.813
155.84
490.632
179.694
443.811
150.942
500.058
184.866
398.05
141.548
512
195.905
477.132
129.193
499.999
207.547
476.925
157.331
501.034
177.718
470.274
155.544
507.581
179.966
462.065
151.378
512
183.926
413.488
140.617
512
195.912
492.927
130.446
512
205.614
492.415
156.743
512
178.03
486.744
154.546
512
179.994
476.773
150.931
512
184.24
433.613
142.028
512
194.454
0
144.783
18.5112
221.366
0
173.112
18.6839
195.028
0
171.264
24.9925
196.83
0
166.369
34.4895
201.373
0
157.045
77.6778
211.64
11.8884
144.002
34.617
223.321
12.1052
173.652
35.8849
194.03
5.69915
171.402
41.7244
196.193
0
167.17
49.9967
201.36
0
156.496
95.0665
211.435
29.0945
145.072
50.7606
223.336
28.724
173.193
51.2859
194.384
21.4718
171.4
58.2413
196.453
13.2352
166.28
66.6714
201.697
0
154.947
115.329
213.912
45.2211
146.047
67.1446
222.346
44.4588
173.595
67.8907
194.242
37.9525
171.537
74.0475
196.357
28.4631
167.071
83.3241
200.862
0
156.434
132.429
211.766
60.8213
144.713
83.1171
223.647
60.0902
173.438
84.0549
194.555
53.7841
171.453
90.0087
196.721
44.4198
166.51
99.3749
201.786
0
155.986
145.352
212.869
76.7462
145.295
99.1125
222.526
75.9588
173.861
100.117
194.925
70.1886
171.533
105.678
196.843
61.5959
166.783
114.21
201.702
13.0853
155.081
162.792
213.209
93.053
144.772
114.914
222.656
92.5349
173.957
115.584
195.178
85.9454
171.822
122.016
196.855
76.4641
166.761
131.297
201.505
27.7043
155.211
180.233
212.68
109.24
146.055
130.811
222.222
108.967
173.84
131.369
195.04
102.494
171.522
137.601
196.926
93.1085
166.286
146.783
201.842
41.9692
154.95
198.669
213.09
125.567
145.81
146.715
221.512
125.042
173.159
147.053
194.261
118.293
171.371
154.325
196.154
108.453
166.654
164.267
200.928
59.6074
156.029
212.099
211.887
141.502
145.304
162.429
221.931
140.723
172.503
163.452
193.703
133.658
171.351
170.473
195.672
124.012
166.818
179.984
200.912
77.9273
156.563
226.555
211.999
157.238
145.546
178.871
222.086
156.516
172.669
179.427
193.655
150.151
170.818
186.451
195.508
140.733
166.203
196.418
200.469
93.897
156.577
243.029
210.999
173.329
145.966
194.888
221.452
172.208
173.161
195.778
193.888
166.004
171.177
202.521
195.697
156.717
167.051
212.07
199.782
108.682
157.216
259.039
209.784
188.91
144.078
210.941
223.413
188.417
173.538
211.708
194.587
181.552
171.739
218.069
196.493
172.555
166.931
226.855
201.327
126.224
155.999
273.803
212.577
204.902
144.092
227.069
223.45
204.066
173.592
227.914
194.596
197.595
171.661
234.157
196.528
188.852
166.823
243.036
201.551
141.564
155.954
290.978
213.133
221.047
145.413
243.069
222.57
220.6
173.604
243.615
194.363
213.995
171.488
249.906
196.477
205.425
166.633
258.377
201.346
152.828
154.552
310.93
213.474
237.029
144.49
258.992
223.953
236.582
173.54
259.613
194.812
229.623
171.722
266.269
196.582
220.538
166.185
275.447
202.056
174.272
154.495
321.878
214.36
252.756
145.216
275.193
222.839
252.325
172.32
275.82
193.737
246.028
170.544
281.886
195.588
237.515
165.105
290.567
201.841
194.828
154.663
333.213
214.272
269.009
144.841
291.139
223.904
268.253
173.671
291.536
195.148
261.755
171.689
298.204
196.676
253.788
166.046
306.932
202.134
205.983
154.706
353.864
213.327
285.134
145.403
306.808
222.214
284.327
173.501
307.502
194.929
277.67
171.837
314.958
196.622
269.053
166.968
324.027
201.603
225.786
156.541
365.769
211.024
300.968
147.131
322.753
220.895
300.204
173.709
323.908
194.912
293.864
171.92
330.49
196.608
284.262
167.23
339.962
201.439
244.446
157.798
379.476
209.365
317.082
146.019
338.519
221.331
316.231
173.353
339.532
194.701
309.588
171.477
346.753
195.955
300.085
166.569
356.385
200.516
261.063
157.754
394.5
208.331
333.028
144.858
354.385
222.623
331.962
173.364
355.803
194.72
325.193
171.778
362.549
196.158
315.393
166.834
372.319
201.012
277.712
157.7
410.134
209.633
349.492
144.465
370.761
222.393
348.319
173.688
371.687
195.126
341.859
171.851
378.1
196.77
332.718
166.927
387.129
201.551
290.637
156.648
429.054
210.931
365.312
143.419
386.826
223.648
364.859
173.739
388.234
194.938
358.045
171.846
394.866
196.865
348.61
166.733
403.48
201.664
308.181
155.107
443.797
213.031
380.841
143.477
403.003
224.229
380.327
173.193
403.633
194.471
373.475
171.395
410.254
196.421
365.236
166.511
418.805
201.605
320.622
155.289
463.993
213.475
396.888
144.713
419.054
223.224
396.284
173.212
419.801
194.381
389.602
171.45
426.232
196.219
380.681
166.745
435.256
201.299
334.142
156.416
482.177
212.178
413.068
145.236
435.105
222.386
412.104
173.35
435.787
194.566
405.717
171.587
442.385
196.186
396.875
166.869
451.774
200.896
352.86
156.887
495.499
211.236
429.024
145.011
450.922
222.702
428.585
173.165
451.527
194.176
421.675
171.536
458.239
196.184
412.451
166.974
467.515
201.179
368.566
157.105
511.665
211.442
444.847
145.253
466.845
222.772
444.701
173.127
467.229
194.483
437.118
171.726
474.512
196.154
429.132
166.794
482.853
201.415
384.789
156.47
512
211.889
461.979
143.014
482.607
224.878
460.902
173.677
483.316
193.585
452.846
172.025
490.641
195.522
443.401
167.34
500.454
200.46
397.442
157.596
512
211.775
476.993
144.904
499.929
223.989
476.927
173.219
500.925
193.557
470.381
171.366
507.488
195.861
462.078
167.206
512
199.983
412.57
156.223
512
212.32
492.959
146.45
512
221.777
491.915
172.866
512
194.046
486.064
170.663
512
195.951
476.589
166.956
512
200.183
433.164
158.023
512
210.444
0
161.296
18.2772
237.157
0
189.727
18.6615
211.292
0
187.801
25.5661
212.676
0
182.274
35.7289
217.874
0
174.315
73.5634
227.009
11.7986
159.597
34.6845
239.084
12.2291
190.509
35.9457
211.318
4.85965
188.14
42.1757
213.063
0
183.361
50.2763
217.866
0
173.844
90.7988
226.407
29.5254
162.011
50.9634
239.887
29.0486
189.924
51.0933
211.341
21.2238
187.483
58.362
212.922
12.0498
182.395
68.0659
217.776
0
173.908
112.503
227.102
45.3334
162.632
67.5242
238.326
45.0803
190.131
67.8157
210.742
37.5882
188.06
74.09
213.418
25.9054
183.534
84.599
219.13
0
174.23
125.714
229.114
60.7495
161.375
83.1636
238.998
60.5067
189.264
83.9451
210.454
53.5415
187.072
90.1048
213.048
43.7863
182.1
99.0769
218.433
1.74411
172.012
141.518
228.329
77.2839
162.739
99.0383
237.306
76.4237
189.183
99.9556
210.049
70.5165
187.146
105.49
212.004
60.6642
182.412
115.052
216.881
11.5582
171.66
163.947
227.757
93.1844
161.855
114.921
238.468
92.6282
189.102
115.623
210.125
86.2854
187.244
121.597
211.911
77.1962
182.483
130.431
216.818
22.9033
170.725
184.725
228.493
110.54
163.962
131.388
237.074
109.642
189.226
131.415
210.868
102.578
187.751
137.664
212.894
93.1675
182.794
146.467
217.783
39.1621
171.034
199.96
228.303
125.675
162.493
145.948
237.884
125.535
188.936
146.501
210.723
118.198
187.519
154.159
212.753
108.905
182.485
163.27
218.248
59.6563
170.598
211.99
229.312
142.035
161.193
162.545
239.195
141.488
188.305
162.815
210.152
133.666
187.227
170.324
212.453
124.812
181.939
179.285
218.533
77.6486
170.717
226.726
230.304
157.921
160.926
178.585
238.601
157.266
188.908
178.912
210.601
149.975
187.271
186.354
212.78
140.479
182.307
196.021
218.105
94.028
172.012
242.108
228.615
174.093
162.703
194.934
236.957
173.013
189.117
195.343
210.743
166.763
187.336
201.985
212.824
157.776
182.62
211.267
217.624
107.354
171.942
260.096
227.63
189.38
161.331
210.877
238.599
188.667
189.618
211.693
210.848
181.801
188.006
218.081
212.65
171.287
183.404
227.736
217.54
127.125
172.622
271.969
227.266
205.702
162.308
226.961
237.584
204.676
189.601
227.552
210.852
198.227
187.738
233.869
212.989
189.225
182.929
242.749
218.067
141.46
172.05
290.301
228.515
221.762
162.577
243.067
238.49
220.8
189.432
243.539
210.922
213.747
187.447
250.164
212.942
204.787
182.579
259.31
218.163
160.491
172.528
304.959
228.573
236.849
160.126
259.097
239.896
236.539
189.202
259.612
210.765
229.37
187.54
266.512
213.12
220.246
181.677
275.56
219.308
179.268
170.184
317.088
230.283
252.437
161.263
275.57
238.938
252.233
189.865
275.859
211.162
246.216
187.147
281.714
213.533
238.471
181.605
289.626
219.475
194.909
170.561
333.163
230.25
269.319
160.931
291.09
239.308
268.618
189.76
291.481
210.848
262.071
187.581
297.716
212.843
253.543
182.427
306.487
217.923
205.209
170.183
354.751
229.705
285.397
161.12
306.914
238.543
284.485
189.241
307.268
210.576
277.763
187.574
314.941
212.596
269.893
182.782
323.784
217.81
225.24
172.507
366.984
227.751
301.466
162.158
322.501
237.054
300.712
189.656
323.236
210.975
294.047
187.915
330.281
212.751
284.667
183.194
339.65
217.406
240.939
173.03
382.238
226.789
316.847
161.265
338.621
237.922
316.03
189.985
339.6
211.103
309.631
187.882
346.627
212.286
300.568
182.77
355.992
216.769
262.423
173.273
393.891
225.026
333.228
161.458
354.652
237.413
332.431
190.2
355.579
211.044
325.818
188.446
362.099
212.481
316.372
183.158
371.177
217.398
273.902
172.782
413.775
227.284
349.379
161.901
370.751
236.503
348.774
190.63
371.219
211.353
342.158
188.725
378.123
212.706
332.888
183.569
387.183
217.3
289.117
172.884
430.25
226.583
365.551
161.628
386.605
237.12
364.383
190.347
386.978
211.685
357.992
188.372
393.699
213.286
348.836
183.44
403.168
217.882
306.166
172.609
446.072
227.699
381.031
160.249
403.02
239.205
380.455
189.403
403.611
210.554
373.611
187.506
410.271
212.734
365.004
182.506
419.015
218.094
321.587
171.773
463.008
229.425
396.929
161.633
418.952
238.546
396.273
189.368
419.724
210.342
389.699
187.495
426.011
212.481
381.156
182.643
434.743
217.604
334.122
171.815
481.89
228.743
413.18
162.052
434.795
237.921
412.516
189.274
435.355
210.235
405.578
187.672
442.342
212.115
396.89
183.015
451.465
217.034
352.562
172.866
495.493
227.67
429.126
161.073
450.863
238.763
428.627
189.281
451.297
210.215
421.662
187.561
458.348
212.154
412.639
182.7
467.745
217.297
367.763
172.686
512
227.886
444.842
161.111
466.93
238.712
444.656
189.153
467.282
210.669
437.296
187.725
474.383
212.265
429.34
182.756
482.675
217.476
384.997
172.06
512
228.194
461.777
158.504
482.737
241.287
460.774
189.556
483.451
209.651
452.933
187.859
490.577
211.663
443.679
182.966
500.191
216.852
399.04
173.279
512
228.182
477.092
160.815
499.809
239.809
476.842
189.322
500.641
209.831
470.272
187.471
507.167
212.148
462.185
183.241
512
216.301
413.05
172.396
512
228.343
493.133
162.189
512
237.985
492.373
188.94
512
210.102
486.448
186.643
512
211.98
476.751
182.832
512
216.212
433.721
173.806
512
226.665
0
178.491
18.3004
255.464
0
207.175
18.441
227.959
0
204.985
25.8667
228.923
0
198.778
37.1986
234.725
0
191.865
74.3024
243.073
10.7322
175.643
34.1143
254.925
11.119
206.657
34.4774
227.488
3.91691
204.182
39.9485
229.156
0
198.845
49.9973
233.983
0
189.495
92.3665
241.575
29.7349
179.85
51.53
253.799
28.6125
206.129
51.3116
227.573
21.8037
203.587
58.8717
228.421
11.7246
198.044
70.3573
232.861
0
190.924
105.454
239.817
43.6422
179.176
66.9745
254.029
43.5869
205.958
68.5219
226.643
36.3023
203.457
74.327
227.784
24.1871
197.695
85.1257
232.076
0
188.39
119.843
239.621
59.9172
179.015
82.652
253.795
60.7711
205.7
84.0757
226.972
52.7147
203.275
89.6436
228.424
42.159
198.206
97.5683
232.977
0.84449
188.636
140.618
241.77
77.5607
178.708
98.7144
253.433
77.4103
205.515
99.1139
226.123
70.6595
203.43
105.723
228.436
60.789
198.508
115.121
233.286
7.19157
187.25
168.186
244.87
93.0863
178.991
114.66
253.986
92.826
205.437
115.151
226.533
86.5289
203.421
121.939
229.088
76.9458
198.665
131.774
233.941
25.3242
187.554
182.666
244.029
110.129
180.427
130.793
252.144
109.311
204.627
131.308
225.19
102.227
203.15
137.897
227.854
92.1782
199.091
147.549
232.639
40.8897
188.356
198.327
243.013
125.233
180.17
145.801
252.467
125.206
205.208
146.573
225.793
118.133
203.648
153.876
228.117
107.519
199.134
164.772
232.941
62.669
188.708
210.622
242.973
141.307
178.939
162.386
252.726
140.721
205.143
163.275
225.359
133.767
203.218
170.259
227.494
122.58
198.407
181.446
232.804
81.2201
189.502
222.298
241.817
157.522
179.775
178.376
252.371
157.094
205.333
179.338
226.372
149.895
203.548
185.838
228.508
140.09
198.665
194.647
233.619
96.9295
188.781
237.553
242.82
174.521
179.426
194.643
252.188
173.476
204.859
195.071
226.335
166.376
203.685
201.952
228.68
157.272
199.457
210.676
233.305
110.738
188.235
256.486
244.011
189.148
180.779
210.251
253.577
188.086
205.936
210.896
227.972
181.623
203.922
217.261
229.426
172.362
199.533
226.9
233.446
131.911
189.409
270.177
241.383
205.21
179.154
226.254
252.617
204.195
205.256
226.803
227.103
197.83
203.513
233.756
228.959
188.794
199.043
243.411
233.624
146.868
188.867
285.602
243.209
220.698
178.814
244.12
254.458
219.463
206.04
243.93
227.003
213.532
203.479
251.506
228.403
204.393
197.57
262.981
233.601
172.414
189.572
294.936
240.971
235.179
177.492
259.808
255.346
235.787
206.009
261.011
227.238
228.449
202.913
266.162
228.413
217.798
195.703
274.792
234.773
188.499
188.634
305.297
240.949
252.742
177.016
275.182
255.049
252.327
205.243
275.756
226.297
245.966
203.093
281.916
228.771
238.094
198.434
289.853
234.105
188.955
188.064
338.862
244.74
268.994
177.22
291.039
254.525
268.624
205.455
291.337
226.678
262.211
203.348
297.725
228.713
253.693
198.411
306.415
233.836
203.326
186.576
356.358
245.577
285.536
177.779
306.917
253.699
285.14
205.633
306.84
226.69
278.121
203.672
314.58
228.884
269.392
198.51
323.874
233.872
219.664
188.177
371.626
243.678
301.599
178.024
322.578
253.48
301.26
205.719
322.852
226.673
293.823
204.097
330.393
228.567
284.101
199.214
339.91
233.427
237.038
188.634
386.179
243.735
317.254
177.915
338.59
253.335
316.576
205.9
338.923
226.464
310.017
204.012
346.423
228.177
301.744
199.054
355.552
232.943
255.847
188.103
400.088
243.13
332.858
177.406
354.831
253.836
332.424
206.164
355.457
227.131
326.061
204.35
361.879
228.377
316.03
198.763
372.07
233.631
274.018
188.308
413.88
243.634
349.187
178.976
370.454
251.878
349.161
206.221
370.68
226.398
342.26
204.335
377.769
228.113
331.911
199.243
388.279
232.783
286.791
189.063
432.353
241.988
364.911
178.327
385.806
252.134
363.115
205.952
385.258
226.46
356.833
203.985
392.068
228.766
347.914
199.253
403.006
233.214
304.752
188.072
446.821
243.478
381.191
176.827
402.969
254.912
380.712
205.267
403.41
226.684
373.844
203.563
410.274
228.661
364.824
198.562
419.254
233.94
319.076
187.784
464.846
244.803
396.986
178.466
418.855
253.778
396.576
205.539
419.5
226.463
390.207
203.641
425.844
228.575
381.055
198.861
434.975
233.687
332.363
187.522
483.326
244.631
413.073
178.697
434.738
253.721
412.937
205.198
435.228
226.169
406.022
203.568
442.029
228.362
396.837
198.57
451.211
233.72
347.773
187.251
499.855
244.981
429.064
177.475
450.744
255.084
429.118
204.934
450.931
226.191
421.572
203.549
458.259
228.254
412.862
198.342
467.19
233.902
364.279
187.523
512
245.111
444.947
177.421
466.766
254.644
444.938
205.116
466.904
226.945
437.447
203.76
474.314
228.262
428.896
198.627
483.182
233.651
385.171
187.964
512
244.294
462.198
175.639
482.656
256.366
461.18
205.278
483.209
225.498
452.89
203.856
490.67
227.43
443.261
199.202
500.593
232.403
397.742
189.969
512
243.091
476.756
177.165
499.66
255.587
476.447
205.841
499.846
226.156
469.71
203.953
506.647
228.817
461.254
199.539
512
233.026
414.277
188.874
512
244.338
492.831
177.904
512
254.297
491.852
205.252
512
226.334
486.065
202.815
512
228.274
476.66
198.74
512
232.287
433.561
189.43
512
242.617
0
195.84
19.5657
266.938
0
222.434
19.8498
243.782
0
220.538
26.1131
245.617
0
215.315
37.2233
249.962
0
208.184
72.3211
256.809
10.0435
195.605
33.3843
266.409
9.37526
223.54
31.7535
244.624
3.01233
220.713
37.1944
247.202
0
215.812
46.577
250.917
0
204.707
95.9535
257.811
29.1689
193.096
50.842
271.428
29.188
221.096
50.9473
242.522
21.8227
219.028
58.1837
244.586
13.1555
214.076
67.0609
249.982
0
203.814
113.232
260.392
44.2179
193.214
67.4308
271.883
44.7634
221.291
67.7016
241.994
37.7392
219.026
74.2576
244.042
28.4206
214.133
83.1877
249.259
0
204.771
129.865
259.011
60.3557
194.181
83.2967
270.955
60.7894
221.078
83.7514
241.903
53.6623
219.023
90.2103
243.912
44.6039
214.345
98.6988
248.646
0
204.588
145.479
258.792
77.015
193.989
99.0719
270.477
76.6576
221.146
99.7645
241.942
70.3076
218.916
105.849
244.354
61.0584
214.562
114.826
248.948
13.7905
204.454
162.277
259.641
92.6496
194.083
114.891
270.308
91.1477
221.165
115.389
241.62
85.1488
219.309
121.193
244.235
76.004
215.089
130.926
248.763
32.4692
205.445
175.772
258.939
108.997
195.091
131.372
269.116
108.004
221.009
131.785
241.368
101.665
219.176
137.85
243.799
91.9018
215.002
147.74
248.74
48.7101
206.566
191.102
257.412
125.564
194.524
146.841
268.819
125.602
221.083
146.965
240.905
117.418
219.166
154.802
243.081
105.648
214.516
166.736
248.519
68.36
206.897
204.105
256.864
142.26
194.483
162.764
269.134
142.184
221.148
162.978
240.942
133.811
218.872
170.778
243.11
122.527
214.491
181.981
248.169
80.6059
206.842
223.537
257.278
156.908
195.094
179.106
268.269
156.992
221.651
179.209
242.168
149.956
219.588
186.187
244.244
140.663
214.765
195.613
249.154
97.5807
206.7
238.115
257.358
173.616
196.366
195.455
267.239
173.921
222.733
195.836
242.603
167.03
220.555
202.54
245.035
158.514
215.962
209.964
249.089
108.907
205.427
257.875
258.928
188.142
198.663
210.155
262.684
187.857
221.869
209.065
243.34
182.311
219.565
215.059
245.678
173.109
214.998
225.673
249.017
127.84
205.827
271.289
257.301
204.652
194.96
226.639
269.191
203.743
221.604
226.477
241.737
196.914
219.702
233.34
244.301
188.753
215.387
242.405
248.807
142.386
205.239
289.501
257.986
220.752
194.278
243.432
270.132
220.783
221.525
243.336
241.951
213.556
219.532
250.918
243.97
204.209
214.712
260.916
248.496
160.827
206.041
303.713
256.938
236.647
193.458
259.175
271.32
236.792
221.352
259.687
242.365
229.309
219.275
266.443
244.28
219.95
214.603
275.122
249.142
175.538
205.25
319.905
258.348
252.54
192.707
275.232
271.716
252.406
221.516
275.735
242.339
246.096
219.312
281.923
244.715
237.114
214.905
290.83
249.567
189.242
204.899
338.602
259.721
268.954
192.531
291.046
271.013
268.401
221.24
291.418
242.981
262.178
218.969
297.81
244.724
253.815
214.354
306.479
249.716
206.248
203.633
353.805
261.063
285.319
193.46
307.003
270.499
284.829
221.17
307.501
242.205
278.151
219.225
313.977
244.671
268.518
214.777
323.459
249.556
222.706
205.356
369.141
259.462
301.658
194.564
322.765
269.245
301.308
221.551
322.946
242.35
294.007
219.459
330.089
244.629
284.871
214.858
339.185
249.278
236.387
204.767
387.35
259.881
317.391
194.095
338.764
269.414
316.9
221.635
339.143
242.52
310.141
219.325
345.897
244.917
301.841
214.929
354.338
249.677
255.403
203.931
400.587
260.765
333.318
193.095
354.776
270.518
332.826
221.621
355.023
242.572
325.828
219.776
362.079
244.914
317.318
215.104
370.924
249.817
272.473
203.554
415.854
261.142
349.438
194.542
370.899
268.972
348.998
220.941
370.953
242.053
341.661
219.166
378.326
244.288
333.319
214.563
387.211
249.098
289.712
204.709
430.391
259.643
365.243
193.274
387.043
270.343
364.613
221.416
387.519
242.472
357.802
219.333
394.274
244.451
348.484
214.687
403.647
249.272
305.39
204.726
446.756
259.984
381.142
193.52
403.028
270.654
380.764
221.209
403.507
242.252
373.842
219.23
410.158
244.461
364.6
214.469
419.423
249.415
319.335
204.853
464.816
259.843
397.08
193.146
418.823
271.478
396.884
221.297
419.234
242.227
390.2
219.187
425.867
244.445
380.951
214.632
435.042
249.356
332.972
203.674
482.998
260.975
412.968
192.648
434.916
272.142
412.776
221.025
435.276
242.397
405.875
219.071
442.18
244.567
397.326
214.382
450.753
249.827
351.441
202.914
496.639
261.735
429.147
193.479
450.849
271.475
429.038
220.563
451.17
242.233
421.73
219.011
458.27
244.275
412.738
214.074
467.303
249.857
367.7
203.718
512
260.872
445.177
193.521
466.758
270.751
445.137
220.8
466.866
242.874
437.916
219.163
474.077
244.322
428.882
214.373
483.233
249.459
384.717
204.166
512
259.87
461.492
191.278
483.094
272.83
461.196
221.557
483.087
242.56
453.404
219.43
490.233
244.482
444.507
214.105
499.452
249.811
401.067
204.249
512
260.776
476.868
192.765
499.237
271.789
476.343
221.553
499.393
241.735
469.615
219.478
506.608
244.058
461.308
214.961
512
248.389
413.58
204.155
512
260.479
492.993
193.634
512
270.681
492.228
221.26
512
242.109
486.448
218.911
512
244.035
476.589
214.449
512
248.324
434.087
204.754
512
258.702
0
211.34
19.3923
281.821
0
234.707
19.7031
257.798
0
233.284
25.6678
260.318
0
228.798
34.9884
265.217
0
222.029
73.8107
273.974
12.1325
212.575
34.222
281.806
10.336
236.27
33.7123
257.267
5.14142
234.426
39.3798
260.521
0
231.28
47.9027
265.558
0
222.868
92.3288
272.773
28.9411
210.719
50.6969
284.539
28.2589
236.472
51.0326
258.809
21.6637
235.206
58.263
260.245
14.1442
231.004
66.4303
265.439
0
221.261
101.635
274.979
44.7687
210.219
67.0213
285.35
44.3768
236.946
67.211
258.22
37.3917
235.533
74.449
260.16
30.3755
230.962
81.785
264.977
0
220.468
121.673
276.054
60.6868
208.918
83.0633
287.603
60.2675
237.479
83.6863
257.728
53.5196
235.715
90.4964
259.883
46.2005
230.983
97.8144
264.692
2.81615
221.016
141.146
275.452
76.3414
207.523
99.3652
288.849
75.9091
237.539
100.022
258.168
69.6588
235.423
106.332
260.209
62.6023
230.749
113.525
265.188
21.3522
220.805
155.2
276.1
92.5358
208.386
115.142
287.622
92.0485
236.899
115.74
258.709
85.9079
235.207
121.984
260.551
78.0295
230.425
130.194
265.668
35.7944
220.754
172.449
276.137
108.894
209.666
130.917
286.337
108.919
236.863
131.173
258.282
101.508
235.844
138.702
259.697
92.1826
230.639
148.045
264.982
49.422
221.53
189.78
274.771
125.252
211.33
146.588
284.21
125.248
236.662
146.921
257.919
117.284
236.19
155.057
259.383
107.202
231.219
165.078
264.509
64.8554
221.768
206.111
274.076
141.409
211.087
162.522
284.274
141.351
236.596
162.787
258.117
133.388
236.082
170.912
259.417
123.273
231.249
180.965
264.409
81.4746
222.505
221.392
273.122
157.598
211.593
178.337
283.692
157.522
237.026
178.449
257.897
149.542
236.278
186.738
259.49
139.662
231.418
196.734
264.489
97.3424
222.369
237.369
273.646
173.184
211.76
194.602
284.3
173.035
237.164
195.163
257.775
166.304
236.062
201.775
259.828
156.929
231.777
211.191
264.672
113.65
223.22
253.446
273.338
188.788
209.07
211.071
286.738
188.15
236.146
211.988
257.317
182.499
234.428
217.97
259.546
174.409
230.085
226.293
265.301
131.746
221.289
267.843
275.67
204.817
209.261
226.882
286.877
204.603
236.92
227.278
257.972
197.514
235.675
234.403
260.119
189.299
231.09
242.731
265.128
144.247
220.237
287.492
276.118
220.519
209.187
243.119
287.123
220.428
237.665
243.331
258.312
213.129
236.289
250.718
260.02
205.063
231.306
259.187
265.204
160.473
219.937
303.394
276.834
236.933
209.496
259.104
286.307
236.374
237.568
259.576
258.442
229.351
236.136
266.696
259.899
220.468
231.327
275.603
264.658
176.562
221.121
318.843
275.092
252.626
209.62
275.037
286.357
252.511
237.406
275.594
257.915
245.865
236.01
282.314
260.04
236.641
231.231
291.553
265.318
194.441
221.539
333.054
275.251
268.814
209.338
291.396
286.465
268.211
237.894
292.379
258.793
262.161
236.235
298.215
260.332
253.246
231.239
306.81
265.106
207.74
221.08
352.072
275.811
284.741
210.48
307.085
285.475
284.148
237.415
307.875
258.097
277.874
236.101
314.177
259.701
268.889
231.88
323.133
264.439
228.421
222.715
363.343
273.589
301.089
210.31
322.99
285.615
300.126
236.927
323.963
258.072
293.893
236.184
330.149
260.006
284.734
231.955
339.266
264.769
244.659
221.404
379.413
274.741
317.032
210.716
338.947
285.254
316.09
236.764
339.993
257.771
310.101
236.117
345.966
260.261
300.867
232.359
355.162
264.9
262.288
222.028
393.84
273.787
332.55
209.469
355.428
286.368
331.663
237.4
356.314
258.528
325.843
236.479
362.064
260.466
316.922
232.103
371.063
265.078
278.743
221.886
409.702
273.755
348.714
209.618
371.337
286.12
347.79
236.83
372.332
258.148
341.756
236.428
378.149
260.706
332.665
232.198
387.208
265.369
294.379
221.487
426.249
274.328
364.802
210
387.307
285.789
363.844
237.282
388.282
258.222
357.978
236.174
393.961
260.178
348.949
232.059
402.92
264.487
308.155
222.243
444.028
273.572
380.886
210.262
403.259
285.949
379.861
237.14
404.327
258.109
373.816
235.701
410.34
259.829
365.326
231.485
418.633
264.306
326.115
222.908
457.531
273.066
396.517
209.058
419.454
286.919
395.734
237.772
420.414
258.508
390.002
235.837
425.985
259.851
381.731
231.215
434.161
264.382
343.809
222.357
472.4
273.86
412.584
210.745
435.09
285.363
411.934
237.237
435.812
259.559
405.999
235.701
441.953
260.89
398.9
231.08
449.518
265.607
361.627
220.958
486.414
275.173
429.02
211.647
450.871
284.34
428.4
236.613
451.617
259.29
421.913
235.813
458.014
260.478
413.63
230.962
466.628
265.467
375.895
220.796
504.118
275.421
444.913
211.366
466.812
285.547
444.692
236.606
467.361
258.794
437.72
235.962
474.197
260.137
428.714
230.901
483.495
265.641
389.053
220.921
512
275.608
460.923
209.054
483.16
287.221
460.311
236.683
483.699
259.182
453.694
236.06
490.074
261.113
444.011
230.453
500.195
266.975
408.144
219.247
512
277.796
476.568
209.833
499.265
286.285
476.71
237.654
499.352
259.259
470.286
235.774
505.895
261.469
460.621
230.953
512
265.612
411.504
220.974
512
275.704
492.399
210.043
512
285.637
492.045
237.654
512
257.901
486.679
234.878
512
260.06
476.875
230.133
512
264.007
435.466
220.408
512
274.095
0
220.646
19.0539
305.875
0
252.944
19.5403
273.73
0
250.7
25.8753
275.877
0
245.655
33.1687
280.907
0
235.818
77.6442
292.798
11.9902
222.74
35.3296
304.369
11.7629
253.554
35.5709
273.544
5.61494
251.346
41.7926
275.961
0
247.45
49.5803
281.124
0
236.659
95.4317
292.279
29.5701
223.39
51.5686
304.374
28.7252
253.633
51.3375
274.12
21.6355
251.349
58.0745
275.753
12.4283
247.547
67.4447
281.083
0
237.455
107.952
290.487
45.3344
224.595
66.1043
303.468
44.734
253.835
66.913
273.992
37.5465
251.623
74.1125
275.406
28.4031
247.822
83.4998
280.604
0
238.19
126.015
289.955
61.5132
224.975
82.7367
302.919
60.7019
253.964
83.2948
274.415
54.0536
251.475
89.7424
276.232
44.6015
247.421
99.1857
281.561
3.73866
237.926
139.975
290.23
77.5606
225.274
98.8594
302.557
76.3071
253.6
99.7357
274.262
70.0642
251.083
105.592
276.248
60.9993
247.291
114.587
281.26
19.2044
237.932
156.246
289.778
93.9275
225.161
114.93
302.517
92.6651
253.727
115.483
274.24
86.1401
251.186
121.745
276.324
76.5559
247.313
131.295
281.116
33.9965
237.724
173.353
289.827
110.002
224.188
131.443
303.721
108.71
253.371
131.742
274.308
101.786
250.996
138.096
276.014
92.4167
247.022
147.65
281.178
50.7581
238.117
188.795
289.811
126.277
224.039
147.268
304.329
125.035
253.011
147.631
274.351
117.509
250.95
154.236
275.81
107.838
247.028
163.93
281.294
65.5875
238.358
205.945
290
142.207
224.287
162.892
304.047
141.117
252.971
163.355
274.223
133.55
250.941
170.154
275.878
124.052
247.096
179.694
281.29
80.7729
238.037
222.662
290.235
157.548
224.435
178.423
303.763
156.605
253.339
179.438
274.327
149.911
251.026
185.866
276.108
139.966
247.1
195.78
281.431
97.9416
238.025
237.529
290.029
173.561
224.689
194.949
303.269
171.891
253.314
195.885
274.335
165.997
250.91
202.006
276.182
157.067
247.063
211.675
281.112
115.055
237.82
252.486
289.549
188.791
224.264
211.032
303.867
186.796
253.478
212.321
274.609
181.866
251.086
218.264
275.852
173.124
247.047
228.638
280.941
131.397
238.365
268.601
289.052
205.004
224.255
227.238
303.697
203.665
253.838
228.009
273.999
197.864
251.482
234.168
275.609
187.904
247.567
245.177
280.891
144.989
238.836
286.878
289.483
221.574
224.327
243.186
303.912
219.981
253.667
243.759
274.104
213.423
251.55
250.538
275.433
203.862
247.641
261.293
280.794
162.078
238.915
301.962
289.408
238.213
224.898
259.372
303.253
236.587
253.674
259.617
274.254
229.642
251.611
266.329
275.733
219.621
247.702
276.953
280.947
178.405
238.484
317.291
289.577
253.016
225.655
274.857
302.554
251.757
253.501
275.883
274.626
246.033
251.204
281.76
276.375
237.073
247.074
291.02
281.616
195.457
237.134
332.262
290.706
269.131
223.339
290.843
305.187
268.02
253.958
291.327
275.394
261.799
251.584
297.873
276.784
253.231
246.528
307.045
282.402
210.267
235.517
349.788
292.787
285.215
224.166
306.853
304.065
283.764
253.814
307.264
274.026
277.77
251.24
314.698
275.931
268.656
246.618
325.92
281.207
225.827
237.372
366.24
290.381
301.512
223.309
323.013
304.744
300.189
253.937
323.221
274.126
293.517
251.453
330.639
275.859
283.769
246.898
342.137
281.172
241.453
238.031
382.642
290.205
317.829
224.205
338.787
303.875
316.668
253.862
339.035
274.026
309.647
251.452
346.407
276.055
299.475
247.013
357.899
281.306
258.414
237.792
397.551
290.538
332.946
225.05
354.714
303.015
331.788
253.745
355.424
274.388
325.969
251.403
362.19
276.189
316.315
247.073
373.428
281.22
276.012
238.306
411.862
289.745
348.989
224.746
370.928
303.491
347.636
253.485
371.534
274.362
341.653
251.365
378.369
275.889
332.779
246.957
388.909
280.976
291.094
238.02
429.044
290.059
365.67
224.264
387.165
304.033
364.197
253.828
387.407
274.475
357.415
251.482
394.311
276.129
348.636
247.155
404.207
281.254
305.959
237.561
446.096
290.736
381.132
224.216
403.274
303.665
379.95
253.623
403.845
274.306
373.773
251.312
410.074
276.115
364.14
247.16
420.498
281.426
323.376
238.085
460.591
290.582
397.158
224.861
419.157
303.275
396.274
253.669
419.778
273.863
389.764
251.253
425.72
276.012
381.097
247.419
434.612
281.222
336.922
237.867
478.845
290.911
413.088
225.004
434.843
303.157
412.057
253.611
435.831
274.468
405.734
251.303
441.718
276.097
396.969
247.465
450.8
281.245
352.817
238.424
494.651
289.996
429.003
224.507
449.996
303.425
428.273
253.394
451.285
273.904
421.558
251.234
458.024
275.679
412.543
247.318
467.786
280.94
368.116
238.778
511.407
289.704
444.894
224.75
466.314
302.731
444.011
252.901
467.461
273.917
438.029
250.898
474.222
275.714
428.458
246.863
485.116
280.847
385.086
238.65
512
289.046
461.768
223.37
482.855
305.478
460.777
253.515
483.13
273.966
453.156
251.336
490.076
275.588
444.425
246.442
499.725
281.279
396.53
236.063
512
292.252
475.926
223.165
499.274
304.102
475.21
252.906
500.137
272.809
470.004
249.884
506.286
275.425
462.443
246.294
512
278.75
409.416
236.839
512
290.987
492.908
226.61
512
301.048
492.552
252.852
512
274.065
486.512
250.453
512
276.743
477.271
247.008
512
281.497
430.213
237.248
512
292.492
0
241.19
18.8483
317.328
0
269.012
19.2154
290.291
0
266.392
26.2817
292.519
0
261.946
34.8214
296.361
0
252.902
82.1981
307.837
13.8013
242.952
35.4996
316.05
14.8801
269.141
36.2772
289.777
7.59153
266.685
43.3228
292.423
0
262.752
50.1226
296.15
0
251.253
96.8296
307.78
30.054
245.785
51.3157
313.578
30.1479
268.545
52.4728
290.212
23.1004
267.074
58.9853
291.609
14.1472
262.381
66.7887
295.622
0
253.057
109.472
305.36
45.1009
245.645
66.327
314.066
44.8246
269.165
67.4162
290.337
37.8702
267.773
74.4645
291.684
28.5037
263.359
83.7091
295.74
0
254.67
126.203
304.501
61.3241
244.569
82.6216
314.152
60.4243
269.348
83.8726
290.787
53.9547
267.823
90.2748
291.791
43.5494
262.938
100.533
295.814
0.870369
255.279
143.24
303.455
77.1613
244.877
98.415
314.146
76.2714
269.443
99.6363
290.687
69.9068
267.863
106.036
291.945
59.3412
263.323
116.584
295.871
16.5211
255.827
159.296
303.448
93.8494
245.652
114.936
314.479
92.7266
269.918
116.344
290.675
86.0666
268.456
122.714
291.893
75.5138
263.741
132.703
295.613
31.9844
255.866
175.626
303.257
109.243
245.501
130.504
314.733
108.563
270.176
131.938
290.603
102.031
268.736
138.6
291.983
91.7019
264.172
148.447
295.776
47.283
256.42
192.273
303.71
125.652
245.561
146.874
314.754
125.048
270.594
148.114
291.012
118.323
269.143
154.756
292.361
107.966
264.435
164.425
296.154
63.364
256.752
208.013
303.44
141.474
245.476
162.96
315.058
140.493
270.915
163.912
290.741
133.697
269.276
170.593
292.226
123.883
264.895
180.144
295.818
79.8743
257.15
223.538
303.546
157.55
245.775
178.831
314.661
156.52
270.429
179.77
290.623
149.922
268.782
186.234
292.235
140.18
264.281
195.865
296.032
95.2227
256.131
240.363
304.043
173.465
244.939
194.622
314.991
172.428
269.981
195.723
290.408
165.85
268.196
202.165
292.046
155.906
263.696
211.994
295.628
110.622
255.347
257.312
304.07
188.983
243.552
210.788
316.224
188.375
269.816
212.195
290.996
182.111
268.021
218.577
292.504
172.447
263.651
227.87
296.094
128.189
255.062
271.853
304.503
204.492
243.242
227.026
317.267
204.003
269.601
228.132
291.306
197.887
268.042
234.486
292.701
188.245
263.433
243.926
296.63
144.121
255.002
287.864
304.683
220.37
243.51
242.996
317.748
219.213
269.821
243.48
291.844
213.146
268.483
249.75
292.981
203.269
263.377
260.238
297.278
160.664
254.671
303.158
305.118
236.883
244.069
258.86
317.047
235.624
269.371
259.927
291.407
229.504
268.129
266.292
292.261
219.161
263.239
276.7
296.552
177.252
254.925
318.562
304.556
252.517
244.134
274.55
316.445
250.812
268.591
274.928
290.844
244.896
267.179
281.221
291.833
235.125
262.56
292.084
296.246
195.983
254.398
332.251
304.488
268.29
243.216
289.979
318.874
267.014
269.204
290.609
290.933
260.842
267.701
297.522
292.379
251.764
263.036
307.755
297.028
208.684
253.451
351.402
306.614
284.383
242.387
306.712
320
283.448
269.717
307.124
291.376
277.166
268.27
314
293.012
268.154
263.685
323.82
297.81
225.419
254.048
366.23
306.901
300.064
242.199
322.559
320
299.042
269.668
323.038
291.837
292.599
268.525
330.363
292.794
282.686
264.171
341.21
297.483
243.587
255.437
380.059
306.089
316.404
242.476
338.238
320
315.988
269.618
338.715
291.513
309.384
268.253
346.16
293.222
299.998
263.879
356.23
297.78
257.098
253.972
398.586
307.016
332.34
242.734
354.298
319.522
332.437
269.595
355.039
291.166
325.691
268.221
362.58
293.027
316.514
263.939
372.027
297.588
273.067
254.432
414.522
306.629
348.555
242.393
370.852
319.321
348.294
269.905
371.551
291.549
341.911
268.324
378.398
293.298
333.021
263.731
387.404
297.655
288.823
254.367
430.803
306.383
364.617
242.368
386.996
319.076
364.242
269.533
387.639
291.471
357.694
268.03
394.555
293.027
348.478
263.531
403.887
297.353
306.046
254.474
445.776
306.012
380.551
242.641
403.167
318.184
379.516
269.976
403.86
291.433
373.467
268.352
410.167
292.814
363.488
263.713
420.482
297.11
321.853
255.272
461.913
305.419
397.243
243.264
419.127
317.071
395.956
269.915
419.708
290.932
389.483
268.21
426.017
292.358
379.932
263.52
435.814
296.57
335.01
254.36
480.94
305.539
413.412
243.93
434.824
315.695
412.737
269.224
435.87
290.231
406.123
267.505
442.422
292.116
396.701
263.467
451.713
296.333
350.903
253.854
497.061
305.537
428.998
243.425
450.694
316.915
428.353
269.38
451.542
290.991
421.655
267.886
458.454
292.656
413.135
263.562
467.152
296.859
367.983
253.651
511.919
305.878
444.7
242.46
466.544
318.927
445.044
269.396
467.411
291.317
437.844
268.045
475.044
293.041
428.963
263.648
483.786
297.218
381.473
253.564
512
306.632
461.131
241.739
482.383
319.959
461.827
268.676
483.666
292.036
454.665
267.787
491.093
293.945
445.306
262.63
499.708
298.349
396.782
251.199
512
308.805
475.281
240.792
497.741
317.86
476.969
269.046
499.539
291.003
470.269
267.326
505.875
293.774
459.806
262.913
512
297.107
411.42
252.541
512
307.998
493.592
242.16
512
317.913
491.304
269.477
512
292.033
486.431
266.845
512
294.512
477.542
262.004
512
298.819
436.742
254.294
512
307.386
0
257.065
18.4654
320
0
285.464
19.5705
308.026
0
284.269
26.0051
310.156
0
279.389
35.3889
314.829
0
270.817
73.5287
320
14.0581
258.545
35.6377
320
12.3638
286.355
36.3384
307.379
5.32595
284.601
42.776
309.036
0
280.943
51.4699
311.889
0
270.51
98.5435
320
29.2389
259.116
51.3872
320
27.9365
285.932
52.3504
306.841
21.8638
284.084
58.4452
308.777
12.679
280.328
67.1604
312.307
0
270.805
110.237
320
44.3591
258.449
66.6534
320
43.4426
285.789
68.1187
306.659
37.6731
284.151
74.7123
308.441
29.0687
280.185
83.0022
312.36
0
270.488
124.189
320
60.6085
257.96
82.5447
320
59.7809
285.748
83.9916
306.682
53.9802
284.163
90.6503
308.496
44.5754
279.733
99.6484
312.971
2.57922
270.813
141.28
320
76.7361
257.849
98.6412
320
75.8723
285.741
99.9694
306.542
69.8378
284.152
106.748
308.315
60.5272
279.603
115.633
312.73
18.3441
270.687
157.581
320
92.8065
257.969
114.415
320
91.85
285.634
115.847
306.872
86.0444
284.026
122.519
308.603
76.6113
279.559
131.609
312.919
35.0244
270.501
172.855
320
108.601
258.219
130.354
320
107.684
285.743
131.904
306.903
102.169
284.141
138.488
308.589
92.6819
279.759
147.557
312.945
50.8129
270.885
189.056
320
124.777
258.269
146.145
320
123.714
286.044
147.851
306.891
117.956
284.472
154.653
308.489
108.507
280.301
163.661
312.455
66.0467
271.018
205.931
319.845
140.885
258.617
162.352
320
139.741
286.002
163.837
306.837
133.924
284.448
170.553
308.384
124.6
280.304
179.541
312.34
81.0696
271.148
222.848
319.806
156.624
258.076
178.165
320
155.494
286.078
180.008
306.758
149.981
284.511
186.605
308.315
140.606
280.309
195.562
312.317
97.1788
271.07
238.778
319.837
172.726
258.188
194.121
320
171.707
286.206
195.936
306.971
165.944
284.649
202.575
308.531
156.531
280.656
211.533
312.34
112.578
271.587
255.452
319.526
188.498
258.392
210.471
320
187.609
285.895
212.134
306.872
182.045
284.333
218.522
308.637
173.001
280.173
227.193
312.849
130.05
271.182
269.945
320
204.72
258.022
226.512
320
204.038
286.028
228.097
306.618
197.954
284.626
234.753
308.247
188.184
280.303
243.932
312.54
144.11
271.549
287.785
319.828
220.699
257.194
242.566
320
219.871
285.601
244.265
306.544
214.227
284.089
250.617
308.301
204.122
279.3
260.042
313.216
160.691
270.74
302.872
320
236.682
257.321
258.381
320
235.908
285.667
260.152
306.74
230.223
284.267
266.573
308.437
219.926
279.441
276.298
313.373
177.581
270.678
318.183
320
252.735
257.743
274.379
320
252.09
285.754
275.92
306.93
246.009
284.499
282.708
308.43
235.575
279.599
292.687
313.36
195.257
270.497
332.763
320
268.609
258.035
290.472
320
268.058
285.627
292.034
306.856
261.982
284.502
298.808
308.369
251.641
279.825
308.572
313.275
211.789
270.672
348.325
320
284.46
258.352
306.863
320
284.218
285.365
307.759
307.228
277.983
284.214
314.575
308.967
267.926
279.614
324.279
313.865
229.892
270.644
362.294
320
300.457
258.791
322.645
320
300.124
285.785
323.912
306.848
293.977
284.514
330.726
308.708
283.933
280.137
340.295
313.401
243.593
271.127
380.429
320
316.453
258.552
338.62
320
316.019
285.835
339.967
306.872
310.044
284.458
346.603
308.658
300.178
280.174
355.997
313.088
258.424
271.197
397.485
320
332.264
258.601
354.63
320
331.617
285.766
356.209
306.704
326.067
284.373
362.538
308.384
316.578
280.253
371.627
312.685
274.797
271.188
413.095
320
348.294
258.67
370.621
320
347.837
285.837
371.998
306.779
341.874
284.421
378.731
308.631
332.374
280.303
387.816
312.818
291.231
271.083
428.802
320
364.294
258.076
386.495
320
363.819
285.724
387.996
306.778
357.984
284.295
394.682
308.741
348.401
279.925
403.815
313.394
307.335
270.795
444.582
320
380.571
258.213
402.665
320
379.958
285.971
404.069
306.751
374.089
284.438
410.66
308.611
364.368
280.076
419.92
313.166
323.002
271.133
460.875
320
396.626
258.262
418.614
320
396.055
285.835
419.856
306.644
389.839
284.291
426.76
308.45
380.387
279.965
435.848
312.731
339.383
270.934
476.673
320
412.846
258.453
434.789
320
412.097
285.509
435.94
306.497
405.757
284.156
442.826
308.135
396.544
279.721
451.759
312.656
355.707
270.705
492.276
320
428.311
258.712
450.424
320
427.992
285.292
451.708
306.359
421.719
284.067
458.8
308.085
412.534
279.422
467.872
312.868
372.58
270.272
507.528
320
444.483
258.84
466.374
320
443.951
285.508
467.914
306.452
437.743
284.386
474.776
308.187
427.85
280.009
484.426
312.933
388.329
270.818
512
320
460.635
259.415
481.856
320
459.84
285.331
483.721
306.025
453.826
283.947
490.495
307.749
443.949
280.4
500.162
311.53
401.148
271.142
512
320
475.928
256.768
499.071
320
475.183
286.289
500.619
307.536
470.658
283.524
505.928
309.562
460.04
279.01
512
312.697
410.564
269.543
512
320
492.682
254.693
512
320
489.97
285.877
512
306.359
484.809
283.953
512
306.779
475.315
279.903
512
312.057
428.769
272.742
512
320
0
273.157
18.5038
320
0
302.47
18.4536
320
0
300.306
27.1579
320
0
294.266
36.0736
320
0
284.801
75.3129
320
13.7303
273.291
35.0333
320
12.8992
301.997
34.9392
320
5.3661
299.654
42.6275
320
0
294.459
51.3107
320
0
283.583
95.134
320
29.4515
274.441
50.9215
320
28.7516
301.66
51.2517
320
21.4526
299.418
58.6589
320
12.49
294.469
67.7712
320
0
283.809
109.216
320
45.242
274.914
66.7689
320
44.7106
301.462
67.296
320
37.8
299.331
74.4548
320
28.5266
294.73
83.7273
320
0
283.552
126.621
320
60.9407
275.113
82.8854
320
60.6474
301.201
83.4879
320
54.0136
299.192
90.3911
320
44.4051
294.559
99.9047
320
1.89995
284.177
142.512
320
76.9312
274.986
98.9312
320
76.7305
301.032
99.4739
320
70.0866
299.077
106.366
320
60.3773
294.461
115.858
320
16.8788
284.075
159.405
320
92.853
274.864
114.977
320
92.6488
301.089
115.533
320
86.2142
299.143
122.318
320
76.512
294.631
131.779
320
33.2387
284.272
174.95
320
108.825
274.856
130.969
320
108.529
301.275
131.609
320
102.107
299.194
138.349
320
92.3945
294.567
147.923
320
50.1324
284.194
190.182
320
124.852
274.907
146.96
320
124.501
301.206
147.658
320
118.077
299.107
154.365
320
108.409
294.453
163.927
320
66.3848
284.194
206.027
320
140.85
275.046
162.969
320
140.578
301.311
163.548
320
134.005
299.252
170.412
320
124.486
294.573
179.872
320
82.1088
284.337
222.378
320
156.936
275.09
178.966
320
156.675
301.162
179.506
320
150.051
299.194
186.379
320
140.355
294.633
195.906
320
97.8136
284.21
238.581
320
172.943
275.114
194.905
320
172.668
301.103
195.513
320
166.107
299.101
202.336
320
156.416
294.526
211.864
320
113.694
284.167
254.605
320
188.666
274.612
210.758
320
188.454
301.441
211.523
320
182.04
299.257
218.39
320
172.355
294.547
227.988
320
130.069
284.035
270.361
320
204.696
274.639
226.703
320
204.408
301.337
227.555
320
198.177
299.183
234.278
320
188.43
294.499
243.925
320
145.427
283.94
286.892
320
220.77
274.609
242.665
320
220.442
301.251
243.555
320
214.174
299.117
250.253
320
204.257
294.34
260.076
320
161.428
283.892
302.861
320
236.834
274.37
258.612
320
236.488
301.231
259.505
320
230.08
299.123
266.267
320
220.094
294.214
276.22
320
177.411
283.806
318.933
320
252.763
274.252
274.672
320
252.38
301.606
275.521
320
245.955
299.375
282.383
320
236.038
294.356
292.305
320
193.901
283.705
334.436
320
268.951
274.5
290.749
320
268.447
301.55
291.536
320
262.061
299.44
298.312
320
252.051
294.465
308.274
320
209.621
283.78
350.632
320
284.954
274.629
306.687
320
284.406
301.529
307.542
320
278.034
299.411
314.316
320
268.15
294.49
324.223
320
225.873
283.777
366.507
320
300.952
274.857
322.682
320
300.47
301.401
323.5
320
294.076
299.338
330.309
320
284.384
294.61
339.978
320
241.665
283.833
382.697
320
316.728
274.733
338.642
320
316.51
301.056
339.523
320
310.088
299.082
346.367
320
300.38
294.515
355.937
320
257.785
284.004
398.662
320
332.92
274.931
354.855
320
332.551
301.305
355.542
320
326.08
299.269
362.363
320
316.289
294.724
371.998
320
274.349
283.988
413.925
320
348.687
274.575
370.698
320
348.432
301.402
371.518
320
342.162
299.289
378.31
320
332.351
294.676
388.003
320
290.025
284.052
430.284
320
364.703
274.51
386.679
320
364.453
301.254
387.537
320
358.109
299.164
394.344
320
348.336
294.504
404.026
320
306.208
284.081
446.202
320
380.61
274.324
402.771
320
380.397
301.439
403.577
320
374.052
299.228
410.385
320
364.277
294.489
420.082
320
322.473
284.051
461.929
320
396.654
274.465
418.818
320
396.565
301.262
419.494
320
390.007
299.193
426.445
320
380.218
294.557
436.032
320
337.811
284.009
478.6
320
412.863
274.862
434.963
320
412.666
301.273
435.479
320
406.001
299.335
442.448
320
396.297
294.713
451.93
320
353.507
284.106
494.817
320
428.913
274.92
450.877
320
428.543
301.537
451.489
320
421.984
299.504
458.405
320
412.391
294.834
467.904
320
370.079
284.051
510.293
320
444.894
274.341
466.342
320
444.252
301.751
467.451
320
437.899
299.448
474.333
320
428.329
294.7
484.048
320
387.156
283.49
512
320
461.412
274.15
481.929
320
460.485
301.237
483.215
320
453.786
298.905
490.153
320
444.064
293.879
500.209
320
402.921
283.216
512
320
476.771
273.854
498.946
320
476.411
301.479
499.397
320
469.944
299.135
506.104
320
459.678
292.734
512
320
419.125
285.177
512
320
493.678
276.915
512
320
494.475
302.77
512
320
486.348
301.682
512
320
469.423
296.65
512
320
429.201
288.167
512
320
